1.221917513122522531e-01
1.965065318094326996e-01
2.219928167236733529e-01
2.549753129809803620e-01
3.157128863520683448e-01
1.525975784116466283e+00
2.188780122953166263e+00
9.156264334101421598e-01
6.580233510635730143e-01
6.897393189583637785e+00
1.835580320431696677e+01
1.306156251888265452e+01
2.314151615105427329e+00
5.583376272342184254e-01
3.017908218293418598e-01
3.703905930832921967e-01
2.916117594141466318e-01
1.546534138203262687e-01
2.779872391104488694e-01
1.140772638522027815e+00
4.268164678022894343e+00
4.306856368674864655e+00
9.887164384303321896e-01
2.106304094605661870e-01
8.518437721085557468e-02
5.659519215827128746e-02
4.871654129072993528e-02
6.413659449051342665e-02
9.725120875622839112e-02
3.718910564655999451e-01
3.494352916467899473e+00
4.870922866910055049e+00
1.696142589382046983e+00
2.062095001952805595e-01
1.331785665499148619e-01
8.964302402088908384e-02
8.153136473309637033e-02
1.385815772926191625e-01
1.174199988889217394e-01
1.556785288571725379e-01
1.452132412410140905e+00
2.598896638029565942e+00
1.245284208937781800e+00
9.142515124425480699e-02
7.532906629761176864e-02
8.630195452807037926e-02
8.236887895469785503e-02
1.575363446941687728e-01
2.007664585654199418e-01
3.206879608038465390e-01
1.855673972137044991e+00
5.369297623796873253e+00
3.977036180723276360e+00
4.925835241654316077e-01
2.634363029998477712e-01
2.270172413585601068e-01
1.247885193760079336e-01
1.430364834750948999e-01
1.842548936422963024e-01
3.050923735564605166e-01
9.105412719670424870e-01
4.749382265104427070e+00
5.304179684314929588e+00
1.437717992995569016e+00
2.505710758631735091e-01
1.103629383696454330e-01
7.484215327542240170e-02
5.964987057056872488e-02
5.831073951138714823e-02
6.218891298581330496e-02
2.388870391604389076e-01
1.647775469554097150e+00
2.268522691273114678e+00
8.540914837971126383e-01
1.084853273848159633e-01
6.790040739937384939e-02
6.212946251881518861e-02
5.718508087155241976e-02
7.131941956378656799e-02
7.567612064828260765e-02
1.010846658857782049e-01
4.842016213015997161e-01
1.113849241451895233e+00
6.537515660236490334e-01
1.150284097718488746e-01
1.121120765521186197e-01
1.032421725181215805e-01
1.271254826787940051e-01
1.744734078301845848e-01
1.558261320264888172e-01
8.879951947953838853e-02
3.559824511831340965e-01
1.284673302021182240e+00
1.140182718376267612e+00
2.420675658032460653e-01
7.300744728943468764e-02
6.145417845647433569e-02
7.417907961914628479e-02
5.454310727517442531e-02
7.762575494720469482e-02
1.136235994501045843e-01
3.664859916552541952e-01
2.267502141212208944e+00
2.860349077858647338e+00
9.395593497990218923e-01
1.490589768546566052e-01
6.429541371442040743e-02
5.116634291078069052e-02
5.364585168244209723e-02
6.598397860188995323e-02
7.815232226047108544e-02
2.534093560183388050e-01
1.584817736594222648e+00
2.312372014740359916e+00
9.014775049767510540e-01
8.684061626388188404e-02
6.743462091016040605e-02
7.447968460082146636e-02
7.110398870329552590e-02
6.138593588487369773e-02
8.316644363158250119e-02
1.725293340330966430e-01
6.266590132243952116e-01
1.842171278677638080e+00
1.400304585698362470e+00
1.898493218066606147e-01
6.736233465404961596e-02
6.669643503029214215e-02
6.875009306872034709e-02
6.563496503835371254e-02
4.953635485294698160e-02
7.417891087157374441e-02
2.628396239861698347e-01
1.249576624768612421e+00
1.491109323427438627e+00
4.691750307950597332e-01
8.586266367962312740e-02
5.075896530981647420e-02
6.393493266322669566e-02
6.326906224660441835e-02
5.886780295082765652e-02
6.869320366254497157e-02
9.764792879896350142e-02
5.734890136445767173e-01
1.118940706360346260e+00
6.121446416459145334e-01
1.100947646574821914e-01
7.773516598742960526e-02
5.823859243091154131e-02
3.921414524543020974e-02
5.864035134514222064e-02
6.758175302845981225e-02
7.387806311934333459e-02
1.744386192083874909e-01
5.147876898111496402e-01
4.372808324708284400e-01
1.065465865365090026e-01
5.832352663114583058e-02
3.171432855103101245e-02
2.228437057415589076e-02
2.356160528599875528e-02
3.105302853490788870e-02
3.471460386222102040e-02
4.416615564673637140e-02
1.217719016921230135e-01
1.543118765408950654e-01
7.008687170289112922e-02
5.002741207843418303e-02
4.918230948708617045e-02
3.909622455141393421e-02
3.146067910200028850e-02
3.420174801902514661e-02
6.358384561497711085e-02
1.051091158052063212e-01
3.537375656974133253e-01
7.055460195191400885e-01
4.509308242283250889e-01
4.714348672553742708e-02
3.276008626817146496e-02
2.995414747096446575e-02
3.310732821675895637e-02
4.326494875001775375e-02
5.492619118614563284e-02
7.267043237386218435e-02
1.822706557909346547e-01
6.677635174832096121e-01
6.987908204589164951e-01
1.801960591446539750e-01
3.606018221394027834e-02
2.591348755522106945e-02
2.954258568084297543e-02
1.888747875720817385e-02
1.905590620367143481e-02
3.007116599912806193e-02
7.215647092006700902e-02
2.123492567626190375e-01
3.354970602846342187e-01
1.729372040125400356e-01
4.813419709153397147e-02
3.841804097287981890e-02
3.877560454192248429e-02
3.957847869745508007e-02
3.741214813680675960e-02
3.282170341498277105e-02
3.813890626574652915e-02
6.382495770797967649e-02
1.338541327369839606e-01
1.275336720190246020e-01
3.650132794350829935e-02
1.460744206880904526e-02
1.479167543647701838e-02
1.296283700326387144e-02
1.273204179954220278e-02
1.834728746768982816e-02
3.080858627833356345e-02
4.865967403684123144e-02
2.388927757336507252e-01
4.073450480964237452e-01
2.045481903711072469e-01
3.812486250177080094e-02
2.075036849730644423e-02
1.663326512807534324e-02
1.866911409131467858e-02
1.767064761554295108e-02
2.017766588857987722e-02
3.629235330266503828e-02
8.459015088601946897e-02
2.648410367640779417e-01
3.177585489832137067e-01
1.190323903888341056e-01
3.087436149036232660e-02
2.517255951184967089e-02
1.462557741032973445e-02
1.502810988056567550e-02
2.676577192241500272e-02
2.954689630254206389e-02
4.468111141896021626e-02
6.822553607125515784e-02
1.173703660311178065e-01
7.421328095729400054e-02
3.013212025645357894e-02
1.963582021463809377e-02
1.921210497628163955e-02
2.513967059190930220e-02
2.931072369793023824e-02
5.071159405818354005e-02
1.066324874028813374e-01
1.438831930761292066e-01
1.560059481441431195e-01
1.959933608695290097e-01
7.496451688367639088e-02
2.577240935054104023e-02
2.738365958630364916e-02
3.088628979668017749e-02
2.726749979381732497e-02
2.724244128893241537e-02
2.612334122171780862e-02
3.522928072955247569e-02
6.162575007668490146e-02
9.151616457019844109e-02
7.003124520110633189e-02
3.469182467278276311e-02
2.289767765959875578e-02
1.463033463081918339e-02
1.779367110804536134e-02
2.417681041458112634e-02
3.666594870016689350e-02
9.371699835812803692e-02
8.331027917654940107e-02
1.700836960413945609e-01
2.484679298944124926e-01
1.193750811229822989e-01
4.232750582187434774e-02
4.224861652455567246e-02
3.477531127280190926e-02
3.223915120596945044e-02
2.408975363173768494e-02
2.248132745116530190e-02
3.029529575574761713e-02
2.469488257664755743e-02
3.093389478900400447e-02
3.240768448212177910e-02
2.346276969106948773e-02
1.474186482296268273e-02
1.282535861346736049e-02
1.269523065471363579e-02
9.894752296901974942e-03
1.705727882796705119e-02
2.081607925783489701e-02
3.072236858169193410e-02
6.629637996821827195e-02
1.037416844894535617e-01
6.079120501243553271e-02
1.745033818161046205e-02
1.752883779254968410e-02
1.635653039066884556e-02
1.401242688468415376e-02
1.616213405427149169e-02
2.894550161568317653e-02
3.055710493673585368e-02
2.252529595246825084e-02
6.128324384613161729e-02
6.334291139813728877e-02
3.192059252772726230e-02
1.929491690695108938e-02
2.001625045976266823e-02
2.008534122111736708e-02
1.819097370313607284e-02
1.333486659309524036e-02
1.635598234302290330e-02
1.740075678383236346e-02
2.108312604475636592e-02
4.234580278324316660e-02
5.880081940185152151e-02
3.190954050431470124e-02
1.376593791252675621e-02
1.661239885032516142e-02
2.062647120132759040e-02
2.630360716791929274e-02
3.038550630342538514e-02
1.946839243340001482e-02
1.487391984564989493e-02
2.493911994233616314e-02
5.353608157257631200e-02
5.318354696842769735e-02
3.254086702611561077e-02
2.991934417267104462e-02
2.400396660522506262e-02
1.514196114704353946e-02
2.143142530998495138e-02
2.508011892202087825e-02
1.943491875339393646e-02
1.758115932057111724e-02
2.187978815529785515e-02
2.013407221207843059e-02
1.259265895849539726e-02
1.548453908584696004e-02
1.516310108403891299e-02
1.649018441514403868e-02
5.002570828874158132e-02
8.232305665598972644e-02
4.657695220176170936e-02
1.691149753533357711e-02
2.074521628391799016e-02
2.548204246930044561e-02
2.228387103891542320e-02
1.538843102530929215e-02
1.135060886906640205e-02
1.114423208500741821e-02
9.864470325978137027e-03
1.779596284491188896e-02
1.750813375355628546e-02
1.992509442948123613e-02
2.042509699401821865e-02
2.862033342318615406e-02
6.876210215496378342e-02
8.288193573843639916e-02
3.509931291182335350e-02
1.691521264479544165e-02
1.812369001347726230e-02
1.686134039502492493e-02
2.050737405617315476e-02
1.525194881216990900e-02
1.667505705529175736e-02
1.573509135198849010e-02
1.690437637641057506e-02
1.408454827337238778e-02
1.591428477352123741e-02
2.104388093183369099e-02
2.431262828225211337e-02
2.871153077617457500e-02
2.309017081126130133e-02
2.716923018709893958e-02
1.975984831668980632e-02
1.617920659707771172e-02
1.958530459916227665e-02
2.309560151804646022e-02
1.633821084666060852e-02
1.361338031396832834e-02
1.565505934298408106e-02
2.034434692710782033e-02
4.151705269770258194e-02
4.738172465132205191e-02
2.968973556137788003e-02
1.776741410791648004e-02
1.749834207339488745e-02
2.340006862086948386e-02
2.195126978331437065e-02
4.565423676788937096e-02
4.388633925000854502e-02
2.512508745819678341e-02
2.571861151443006338e-02
2.718762671516902069e-02
1.895385877667829858e-02
1.798770236137015727e-02
1.049116008195216491e-02
1.582944296634534315e-02
1.969137704974613726e-02
2.365962407097577103e-02
2.667230015920434710e-02
2.934365137323678013e-02
2.913916961977732964e-02
2.669218923344550756e-02
2.294969440356000798e-02
2.186237361134503107e-02
1.280638991917940235e-02
1.288355150995387430e-02
1.553730682314750401e-02
1.720888814645168269e-02
2.071442767024761142e-02
3.164220476082640204e-02
2.766355289502430218e-02
2.149967649110291409e-02
1.875410384803841840e-02
1.702284308886155978e-02
1.934281025518757441e-02
1.766892090926326653e-02
1.524497124587545840e-02
1.874833694172932039e-02
1.976202220712623692e-02
3.304662408606024587e-02
4.081917895028663867e-02
2.484178599597460999e-02
2.319258482511908290e-02
1.808215637759314973e-02
1.885672662995068263e-02
1.345832027407956044e-02
1.569751723869713261e-02
1.988807694793356604e-02
1.836890809279817863e-02
2.459068601754551414e-02
4.398677027990875038e-02
4.470397072161137048e-02
5.208065872529209911e-02
4.598820958412275228e-02
2.878238718957160103e-02
2.404238884332151813e-02
1.677178119004733153e-02
1.834065425863787638e-02
1.584312203575634348e-02
1.546296207565491659e-02
1.643074092056986610e-02
1.717274041967758666e-02
1.913812050325455760e-02
2.580286733584406453e-02
3.773832102545904982e-02
3.208001276603821006e-02
2.591415553779085820e-02
2.162277659369853458e-02
1.645812520256197467e-02
1.008299745594689809e-02
1.712444892109986350e-02
1.579893945191617258e-02
1.277174078438723936e-02
1.581108004664417629e-02
2.507518288272899201e-02
2.871947236144771834e-02
1.578974170365016194e-02
1.064821404313947249e-02
2.093967015069582438e-02
1.992473513593197298e-02
1.578430011668723737e-02
1.766136998212804524e-02
1.519636509002030532e-02
2.188623936214479856e-02
1.693667310938039641e-02
2.382674670752140192e-02
1.777321647326269780e-02
1.370220009570692968e-02
1.140852959568530896e-02
1.157230607207083116e-02
7.879945449364203144e-03
1.007097096427329516e-02
1.298608809869503979e-02
1.282623102544216964e-02
9.669676328005865837e-03
2.705156704639128523e-02
3.481061489172408707e-02
4.428766067192213551e-02
5.029345984341575954e-02
2.991521860016888371e-02
1.942823263011867266e-02
1.503208169607300401e-02
1.524964461783081746e-02
1.553922032435008267e-02
7.330610154381740455e-03
9.594442293174330200e-03
1.093111688333845734e-02
2.154017241464924529e-02
3.828437987901292527e-02
4.097730093286317682e-02
2.815484238778123705e-02
1.281741405201317768e-02
1.439697698402284641e-02
1.409390622588312797e-02
1.238013538256061731e-02
1.353046423644046342e-02
1.233377071626372626e-02
1.360686214038634399e-02
1.941789643549641717e-02
1.904311988153501931e-02
2.137946818080133093e-02
3.275704283522566651e-02
4.482518885337036935e-02
2.741365965098209803e-02
1.701857283110477098e-02
1.004260932050521186e-02
9.025015179141712696e-03
7.311826512673524729e-03
1.214046188842211361e-02
1.451163244184003505e-02
1.789220857655801980e-02
3.243263614919304760e-02
5.752561606177247766e-02
4.141186670563624245e-02
1.823122864476168017e-02
8.995855775249616756e-03
6.160899237178942348e-03
1.113749228078604429e-02
1.317595929642074309e-02
1.799984493637310154e-02
1.937163224199732817e-02
2.731248636854494496e-02
5.033996928226341233e-02
5.109130357255207977e-02
2.140299785527506951e-02
1.342811964023032066e-02
1.376629365186399397e-02
1.511758170808027296e-02
1.407511510209756220e-02
9.352984925328584540e-03
7.257796651517259799e-03
9.476124602393314750e-03
9.454639150868934458e-03
1.900561162129570450e-02
2.523804098549221539e-02
3.170373777478489169e-02
3.413559465486720040e-02
2.623308338327125580e-02
1.873853652003235060e-02
1.958401468769851994e-02
1.203925949200453961e-02
9.484827592546206040e-03
1.112485686435471695e-02
1.251788017355481668e-02
1.190419639515804921e-02
1.086455438393221090e-02
1.400333528104737331e-02
2.202091251230112179e-02
2.366920754244233177e-02
2.062573508459950716e-02
2.412184610023248785e-02
1.777340121750290228e-02
1.520000565861227490e-02
1.496593404508161224e-02
1.273317639388550811e-02
9.359144928890566692e-03
6.212909814233556413e-03
5.005884847244122457e-03
1.121770168734330907e-02
1.693102614544550119e-02
1.169780894027933754e-02
8.496385758894759929e-03
9.299223656819016401e-03
1.466294294949418639e-02
1.950607826867198011e-02
2.046613776866306605e-02
1.749390954788325458e-02
1.969105158696085253e-02
1.837677416187444637e-02
2.260763193175194252e-02
1.759935364994084581e-02
1.162424206141716813e-02
8.648224410099715834e-03
7.170950494342223126e-03
1.442671896776197282e-02
1.332738202380438948e-02
1.203990401565088394e-02
1.154333964518735808e-02
1.360014436424076406e-02
1.469970900797176391e-02
1.609117083537368528e-02
3.369959478027423350e-02
4.514804111020056382e-02
3.483960736158006610e-02
3.001462771636114607e-02
2.779807797590925708e-02
2.724224058592802575e-02
1.877042287582853311e-02
1.469242912845480920e-02
1.280332685837771295e-02
1.585637197762312586e-02
1.604673571955856151e-02
1.443334334025125031e-02
2.535710474768675463e-02
4.052217033274969210e-02
3.210575512415321520e-02
2.685166844601558078e-02
1.802397560784625707e-02
1.933040582911756816e-02
2.221086667671694215e-02
1.654657741165074109e-02
2.277755256879837945e-02
1.742967584133574971e-02
1.818291693574510676e-02
3.566630647114022584e-02
4.327897224854149877e-02
4.915750438099695391e-02
3.500333320045972280e-02
1.351066769277913145e-02
1.209331447445255101e-02
1.001732472360523929e-02
6.642166095285380843e-03
8.058696174596573919e-03
8.109642299041137578e-03
1.379647092586504427e-02
1.685963543001163870e-02
1.894307754749876768e-02
1.906840460469778550e-02
1.650982492291686032e-02
1.481326923012247360e-02
1.069529484566741732e-02
9.124605164717681377e-03
7.209918224880925569e-03
7.638079294895273007e-03
8.116720443365308887e-03
1.060413710310462339e-02
1.427658985895498799e-02
1.021515243941497654e-02
1.233474970672492066e-02
1.168818250749588394e-02
1.177583661808934840e-02
1.078802975642455080e-02
1.083021105732765062e-02
7.982749587647096703e-03
7.608522273156967906e-03
1.324608718036384032e-02
1.122053505938100729e-02
8.841578508889360449e-03
1.150609199741244558e-02
1.426526483183538155e-02
1.200682172161497176e-02
1.558025437768934506e-02
1.988516844518823865e-02
1.803957727109028325e-02
1.607878447834988275e-02
1.810873017725335779e-02
1.453557494726057976e-02
1.224416203227044093e-02
9.792913558336138052e-03
1.626577947644082880e-02
1.597007800645737149e-02
1.409100980019140081e-02
1.427777964086628971e-02
1.459398371751344931e-02
1.726986251832103927e-02
2.182014804076788314e-02
3.280803397659010079e-02
2.537871674506600797e-02
2.345990355864208121e-02
1.409977000811605402e-02
8.844544025840176543e-03
1.022112502029857983e-02
1.059565860023668066e-02
1.091118240478174128e-02
8.981905580560431424e-03
7.856558387933695181e-03
1.891459658307648867e-02
2.124436275475051830e-02
1.788961832519065862e-02
1.997229750621501779e-02
1.359535020270363943e-02
7.181997313503221507e-03
6.559983530370622554e-03
9.472918380467513708e-03
9.865842108737582841e-03
1.129772556632010518e-02
1.109819947889972847e-02
1.580182153048765095e-02
2.317248320738759040e-02
1.350136811806471222e-02
1.258905610612666946e-02
1.799402014665351865e-02
1.610100595041420724e-02
1.878230894992428957e-02
1.733533448919332906e-02
1.367090259061397479e-02
1.508092881168660547e-02
1.582545603845830415e-02
1.694402135254957642e-02
2.154290184249038620e-02
2.441468194787949769e-02
2.301445785762171528e-02
1.884971054708746430e-02
1.534881597804100758e-02
8.320185927049904631e-03
6.820004515647317550e-03
8.892746886557853156e-03
1.457579043582298700e-02
1.499934524630897222e-02
9.978718962368210432e-03
1.339052669845985748e-02
1.355790270357063940e-02
1.455194147642674407e-02
8.327743205717405214e-03
8.466348303435200853e-03
1.127314051494915370e-02
1.023660981590108522e-02
1.795260595986187743e-02
1.787673613444499404e-02
2.328029889837392175e-02
1.415879698788421667e-02
1.021660798562817017e-02
9.014042206205294047e-03
8.077225883983768506e-03
1.192315484879925835e-02
1.348296916430393594e-02
1.212911609600442545e-02
2.011830792761547596e-02
2.160056900918241179e-02
1.668622728412088099e-02
1.938022240623659548e-02
1.659459769023535758e-02
1.335700568796870796e-02
1.170254405970204935e-02
7.688955008436181363e-03
5.385068863594995661e-03
5.185796006532635005e-03
1.142794441482966779e-02
1.754991146510958069e-02
2.159810919009105129e-02
1.631536985437924761e-02
1.667956905781238508e-02
2.188854455898052095e-02
2.288473670548979086e-02
1.384012809497615556e-02
1.279666008870023255e-02
1.015491609120335210e-02
1.459903405479526933e-02
2.318258412442776237e-02
2.063485583271964380e-02
1.995210702072964040e-02
2.514394469068258892e-02
2.918695698624835383e-02
2.484157376329678216e-02
2.486331071488050853e-02
1.791563190736520858e-02
1.955519395244367450e-02
1.275902963052752068e-02
1.664418473216317321e-02
1.958012359492649485e-02
1.217360986176236649e-02
2.016116281107663624e-02
2.233019347978418279e-02
2.238445742778541817e-02
2.150049487088662170e-02
1.814445372205915341e-02
1.449464870615680551e-02
1.250622791847581620e-02
1.268118442963107190e-02
1.297274807345106910e-02
1.391976717815509267e-02
1.213315226327914276e-02
1.368546384564766662e-02
1.887634645369604125e-02
1.376953927796822734e-02
1.133034076406585870e-02
1.076186623691472583e-02
1.045486458052388885e-02
1.430885138082166677e-02
2.470606946257604061e-02
2.192559476281081068e-02
1.631095217748479431e-02
1.289595846985900317e-02
1.202296705752116217e-02
1.164611204403993329e-02
1.160076667427817343e-02
1.173432912379332449e-02
1.185333753557028282e-02
1.218529989183924495e-02
1.061887278218326923e-02
1.610408141483302136e-02
1.531941531069428049e-02
1.130348295372611729e-02
1.366668484588880357e-02
1.454996256641704830e-02
1.322357555558491271e-02
1.090017418481048495e-02
1.026958540147849923e-02
1.154581740432717232e-02
1.242025493269445502e-02
1.314884004096864359e-02
1.321710952588284887e-02
1.322105630094248807e-02
1.344850976556365672e-02
1.380652780026850324e-02
1.408977489622824895e-02
1.363804691009195928e-02
1.237486490440110713e-02
1.032460687078759660e-02
7.784391497988250343e-03
5.048486132283754729e-03
2.547801819323023201e-03
1.833076443400565719e-03
2.947503833543758944e-03
4.363408984029996419e-03
6.132971859367535548e-03
8.238490315100144984e-03
1.035703279997680915e-02
1.191589708642074377e-02
1.268453801994305456e-02
1.233600350772768445e-02
1.127759937604375616e-02
9.777965116609102156e-03
8.340384104945440524e-03
7.233561641409341769e-03
6.787681633434404158e-03
7.153335628510183383e-03
7.659873916294855298e-03
8.008469384905996663e-03
1.061163810575887177e-02
1.877634607434272226e-02
1.843368897266871656e-02
2.359295066233096580e-02
1.243808445749474204e-02
1.102778099765786522e-02
8.791850660703719525e-03
7.870918390982152221e-03
8.280981608680640371e-03
1.023385361561922856e-02
1.422174941817194380e-02
1.763488315146490709e-02
2.165003406067505728e-02
3.015610747082384316e-02
2.013123212091257053e-02
1.743754072831272747e-02
1.691826745945756300e-02
1.575945967252304764e-02
1.336563776346925796e-02
1.047548609926604937e-02
9.168991864508002979e-03
8.893898926076145364e-03
9.688100719653099102e-03
1.413095634687367569e-02
1.197171571158360710e-02
5.221589490177816310e-03
4.132130226243593656e-03
2.334136705748343990e-03
2.031691364698986688e-03
5.994004458840965915e-03
8.814383477956280744e-03
6.404011554219144788e-03
6.295556621970875739e-03
6.469422506965484196e-03
5.065346813058920622e-03
4.617805577098448022e-03
3.650629384827198606e-03
3.114866312186743025e-03
3.054497734226824940e-03
3.944061988289680569e-03
4.564723806914641573e-03
7.414573038044199559e-03
1.047890500844996485e-02
1.200183093329409804e-02
1.065575534240926873e-02
6.643204889517652888e-03
3.855704583271557951e-03
2.461122901363236269e-03
1.776822713045017295e-03
1.163714784999688020e-03
7.552887934065853409e-04
5.189625454950052685e-04
3.913320010513826001e-04
3.426261606436441752e-04
2.464788741445070037e-04
1.749188265523995848e-04
1.099276114236407277e-04
7.594131890200268864e-05
5.890147376053152820e-05
6.595600504522224582e-05
7.555582443960766510e-05
8.718096806365393994e-05
8.257877853153065991e-05
6.143866346831430869e-05
5.851183839145738960e-05
7.147074597290184982e-05
8.724721617073269496e-05
7.942696203897595651e-05
7.511251467705048503e-05
7.645616319813232310e-05
6.543554450972249381e-05
6.289175443962140310e-05
6.444830445596288571e-05
6.155405630428554815e-05
5.881852813021321892e-05
6.796564840190874774e-05
6.663851154575793666e-05
6.969015249883517965e-05
6.642636518084864500e-05
6.955052282497192447e-05
7.383447412826361217e-05
6.963741703978135460e-05
6.413187736672657923e-05
6.903385826500453202e-05
6.988785566601214260e-05
7.798033688529314893e-05
8.006505481550289902e-05
7.205504182418682806e-05
7.063036330055942884e-05
6.208614893848147674e-05
7.503006209201511473e-05
8.080288884057666460e-05
7.728077280673217387e-05
7.791420864721761283e-05
6.474827392436382058e-05
6.215047548824978647e-05
7.340485052697693594e-05
7.955172420569401454e-05
8.691551761523091382e-05
7.961615597798204070e-05
7.245625647625371303e-05
6.477843764006640723e-05
6.151455536586837255e-05
4.875332873749105799e-05
7.118539200177453668e-05
7.318113331056706956e-05
6.930978000009104282e-05
7.432024834848761485e-05
6.775032345688929093e-05
7.913970368252692326e-05
8.751312211111245479e-05
8.902736020638028032e-05
8.335029841791427401e-05
7.425671784398248673e-05
7.867056923571524960e-05
8.140851055687019558e-05
6.685103035157502743e-05
6.469164795160035485e-05
6.580094114291948392e-05
6.699186528056458897e-05
6.221058542575477778e-05
6.162813984605339810e-05
6.138472682085063684e-05
6.044270089911256796e-05
6.601087675437137430e-05
6.883870929639571373e-05
7.639032180280039567e-05
9.559355597153759774e-05
7.860192954203657932e-05
6.530607303540801774e-05
6.682694057026955135e-05
6.512235536441587664e-05
6.587915132639736015e-05
5.574413827641208998e-05
6.454655673870288407e-05
7.018976171193059253e-05
7.135398645956776448e-05
8.315973219118426415e-05
7.006521614039806073e-05
7.849566979538255508e-05
8.597223703430819318e-05
7.689080958910791529e-05
7.436498191458105166e-05
6.328107740653100670e-05
6.129096793321269789e-05
6.408070203146614579e-05
8.519788135111435476e-05
8.399596884556888732e-05
8.132534858498509389e-05
7.543489809880491565e-05
7.801475817370185522e-05
7.141937127323134461e-05
7.147990413099030197e-05
8.314877821491588653e-05
7.750271197033109754e-05
6.638430901096440643e-05
5.975960314279563090e-05
6.243463418111214419e-05
7.841199027383497085e-05
8.772273123712633590e-05
7.778765006537744235e-05
7.592274043102048770e-05
8.059269589015218742e-05
6.431531382433318888e-05
5.485650002337581798e-05
6.596722836012834711e-05
7.064425121251717479e-05
7.020890953325677739e-05
6.551570205511087635e-05
7.989448526604119483e-05
7.054913774753853253e-05
6.044616391895851569e-05
6.951909803964065175e-05
5.496222448915599697e-05
6.698132171930385435e-05
8.078440770407578598e-05
8.368250482575082579e-05
8.455909474187486917e-05
7.755614202845019945e-05
5.931161056707124870e-05
6.160401484459768011e-05
7.967097257219004800e-05
8.524558241535402361e-05
6.809386223350792676e-05
7.024199563001179219e-05
6.991162528294245031e-05
6.552507724060747181e-05
7.037466442937851470e-05
7.091271125655576938e-05
7.455353862962326014e-05
7.202842715585489942e-05
6.075620681364575710e-05
7.438351661195702574e-05
7.798976993804187217e-05
6.182782925289571040e-05
6.236959888289059749e-05
8.199940307612571175e-05
8.840079193761492618e-05
6.902377102852277273e-05
6.754678764858676790e-05
7.682352363353694123e-05
7.432595304642803508e-05
6.799042118133942990e-05
8.082288909050161290e-05
8.032714702646528082e-05
