1.357370629857257982e-01
1.944756522929093068e-01
1.826408322432193088e-01
2.274911985239806700e-01
2.721698016547747234e-01
5.825513515985611956e-01
1.880119039853396901e+00
1.838966570038165882e+00
5.322229103045127419e-01
6.524752668266444733e-01
3.961389691449948902e+00
1.632050840424120608e+01
1.589211718398760098e+01
3.995262056302372411e+00
9.458273733142105177e-01
3.696583841758694922e-01
2.465927990780621137e-01
3.576377539643081360e-01
2.573013023910349917e-01
1.291596870928285457e-01
1.780285938727839967e-01
4.089543359591400473e-01
2.562756526433398463e+00
4.902368017589378013e+00
2.602013427784615640e+00
2.241009852830745663e-01
1.408836628338725194e-01
7.022451145778303705e-02
5.462212813614147205e-02
5.709962296620182259e-02
6.226372523610605725e-02
7.314897161537414760e-02
1.360137630424227972e-01
8.770386112234971332e-01
4.216270211521155886e+00
4.302163908961230021e+00
9.589926528872572131e-01
1.896439588907234408e-01
1.371394294866612462e-01
8.834383801410822246e-02
7.857507805181442040e-02
1.069751373406426648e-01
1.273161517083154504e-01
8.418049621259275639e-02
1.587778054550343099e-01
1.436329199517002442e+00
2.627545802303230094e+00
1.296179823267895159e+00
9.177765187624542520e-02
8.208376841866571461e-02
8.223883583774918571e-02
6.631246190159074960e-02
7.626145824493750502e-02
1.365040912472213763e-01
2.008937040761635262e-01
2.935617511648248024e-01
9.962809631771692986e-01
4.562672132660726909e+00
4.807798102676959395e+00
1.156533294950786495e+00
2.493529649157703865e-01
2.419012006846056606e-01
1.655994795486611937e-01
1.083761143988857395e-01
1.198841732623450174e-01
1.391389968861017068e-01
2.052846006935061807e-01
2.426386277303443917e-01
2.531869020052038621e+00
5.766672390014614180e+00
3.489884827391292355e+00
3.778659418992626473e-01
1.643299974739981240e-01
8.712444896874360634e-02
6.799396822365107174e-02
5.969337550921000046e-02
4.223551994228315343e-02
5.426522228646648432e-02
9.338364386842372411e-02
4.507776273071156803e-01
1.914146966036089026e+00
2.005901093307107086e+00
5.234390299479165787e-01
1.041178496851506430e-01
5.900088404909088063e-02
5.049343746524490029e-02
4.738226035862149604e-02
6.207900833530119455e-02
7.247630747032088316e-02
8.008451121540657858e-02
9.724026150339015739e-02
4.666399178142367488e-01
1.124419062810831926e+00
6.924844384021647814e-01
1.165374563991817547e-01
1.047137120288191142e-01
9.126716865496792286e-02
1.036599015249086014e-01
1.427384814612795982e-01
1.647613718023385188e-01
1.315261445300243692e-01
8.491040287183861113e-02
1.673970611594735869e-01
1.021445015597191475e+00
1.309342263070888857e+00
4.609632432150049253e-01
1.133092893408649271e-01
5.897835331542638365e-02
7.034792047978009888e-02
6.350225419039798314e-02
4.362310804932259534e-02
7.022596429767066772e-02
1.240941426939303066e-01
1.505147583798919497e-01
1.073850259951630193e+00
2.811744301173999983e+00
2.010333480583514465e+00
3.055699051655345055e-01
9.751706854035353811e-02
5.086612590341568763e-02
4.337607391297815945e-02
5.846498926745836988e-02
4.156163928818611131e-02
5.536186867707657694e-02
9.773317988213657548e-02
3.996409855965498692e-01
1.849866536287718022e+00
2.074702255580424648e+00
5.763347952869847246e-01
1.136764662528355896e-01
7.377110279826665229e-02
7.212219337012880371e-02
6.695794592025226810e-02
4.999904410095921264e-02
7.565343985725136999e-02
8.333626240109701100e-02
1.531267500855969521e-01
5.846609043882987633e-01
1.798763536400091567e+00
1.438788499587144276e+00
2.662408373960071795e-01
8.176915644912335912e-02
5.474660641885836787e-02
4.116234582219940874e-02
4.505151194058581304e-02
4.897390493855162397e-02
5.041146556315681537e-02
6.587629948280024350e-02
1.698247192900622649e-01
8.503606883254877236e-01
1.514307051303730223e+00
7.877666843628744475e-01
1.084772938244936702e-01
8.037397823539639552e-02
5.081464886914755646e-02
4.914785777128436589e-02
5.156190913177297053e-02
5.302803614899027213e-02
5.088009226524204537e-02
8.158606116150721177e-02
2.103991800118488464e-01
8.788498291973844134e-01
9.937096498264900157e-01
3.275863417633117503e-01
1.201997756718621441e-01
8.166792250822831056e-02
5.508167197610824156e-02
3.121733158323310858e-02
3.476108488904243454e-02
5.822524467876760701e-02
7.066360202093935339e-02
7.608747454612238559e-02
2.285666238018710106e-01
5.336176612777691064e-01
3.707418429418419814e-01
1.114259755600074814e-01
5.337749971233471391e-02
4.577335108024415539e-02
3.635571627956484669e-02
3.035328692127283595e-02
2.754457542344482951e-02
2.173579264458824767e-02
2.571614536959010433e-02
4.246261205177658676e-02
1.030532789956677964e-01
1.409060214842287329e-01
6.933279437860398464e-02
5.560988957044054465e-02
5.949593400809455312e-02
3.744029947429257377e-02
2.928045540455724571e-02
2.786737782716585191e-02
3.446366368743235958e-02
6.074131679551632301e-02
8.548570556789927832e-02
2.111742648542612455e-01
5.523229079696120314e-01
5.571371474353907782e-01
1.845698198440824389e-01
5.113903867849695778e-02
3.158430595597789409e-02
1.697107198793508173e-02
1.447257595967773799e-02
2.536409575697797653e-02
4.537686257228668030e-02
7.156162783782370196e-02
1.176862995156383734e-01
3.417269261328629293e-01
7.401062049970958956e-01
5.090022244488672243e-01
1.192584699642710855e-01
4.685906313669451623e-02
3.650212532597027493e-02
2.051339969158796905e-02
1.411054024996516790e-02
2.110765422553174259e-02
2.200145271239455427e-02
3.370247703468875339e-02
8.804835353144629950e-02
2.034384126891758682e-01
2.887830007456219095e-01
1.516254330480851509e-01
4.633712635359980847e-02
4.293029729683500717e-02
3.694149796694890658e-02
3.547552631312106408e-02
3.241500166768791075e-02
2.974411061691061703e-02
3.348619531077986350e-02
3.973300562874362840e-02
5.253808735094017690e-02
1.008901747342920013e-01
1.156459106880648041e-01
5.500451606730987625e-02
2.184392888259648752e-02
2.114422818779033986e-02
1.391691683579318432e-02
1.283558531257833132e-02
1.611314260710470028e-02
1.666658748796107439e-02
2.414185477468528546e-02
4.030039167000399464e-02
1.193894819091197712e-01
3.410255354124787086e-01
3.283863762767519900e-01
1.133375432350692269e-01
3.815261162932210431e-02
2.086065541335961962e-02
2.038842525496051619e-02
1.819692599064047858e-02
1.592883611686689294e-02
1.924373049967039936e-02
2.195700438434831578e-02
4.177021155320444906e-02
9.925633039180413453e-02
2.423744813514601415e-01
2.637678156353203129e-01
1.025067502348705473e-01
3.388703077580132450e-02
2.761703655031050655e-02
1.733424714377744535e-02
1.526033597624718192e-02
1.505390546510350890e-02
1.574666160371132606e-02
3.207563198310345309e-02
6.206731514171504038e-02
6.670450712161529738e-02
9.257385282688671002e-02
7.631204869972824101e-02
3.513553552371870975e-02
2.716393155737941920e-02
2.324737552191779091e-02
2.663679513616273170e-02
2.224648119237433372e-02
2.492350783180391841e-02
4.519625808153062557e-02
8.106733611235873715e-02
1.201384036188397758e-01
9.248365576202993710e-02
1.672111934406899092e-01
1.308277998730034419e-01
4.551840854017335375e-02
2.151700471029855538e-02
2.893354090571760573e-02
3.869149890187285196e-02
2.458526501085741764e-02
2.798854697763282842e-02
3.042505162454836598e-02
2.542016736872256683e-02
3.615465580789929689e-02
6.038609024604838643e-02
9.424860906903238800e-02
6.245389944491948342e-02
2.918369346870594919e-02
1.719734005968005103e-02
1.243090553464335814e-02
1.818997240550045136e-02
1.612231679251236241e-02
1.842344221091375342e-02
5.197712394761511145e-02
8.802758662778255305e-02
5.867275526221994025e-02
1.330934445979373160e-01
2.193486701883684553e-01
1.236317600844005909e-01
4.614818804318224221e-02
3.345806284087316645e-02
2.905423215656095792e-02
2.747274923979457426e-02
2.423223435645194268e-02
1.372488016755049264e-02
1.549035360937573227e-02
2.383150835732886219e-02
2.243869534926505246e-02
2.094040847325482138e-02
2.200037657421871282e-02
1.664774537954083478e-02
1.415821897783375513e-02
1.563087000087941963e-02
1.749248102310770395e-02
1.841428867669380604e-02
1.489751001546883377e-02
1.543423250424523496e-02
2.068981401616241944e-02
2.276777901801882789e-02
3.455910826836709748e-02
7.503900230156654305e-02
8.462339757940741392e-02
3.876459665737966298e-02
1.282478485585342165e-02
2.182462618595050821e-02
2.156731711149708491e-02
1.347573925104851751e-02
1.953521365176663985e-02
1.925664347719563060e-02
2.219043640857018551e-02
1.716353619647970064e-02
2.464993119984293379e-02
5.044384842079777109e-02
4.711247782225416736e-02
2.303728274113040972e-02
1.542018269592804885e-02
1.709732281335155438e-02
1.717787759177327386e-02
1.799961210735015471e-02
1.846179307446247503e-02
1.497504587315081487e-02
1.385514653643121416e-02
1.497494223680542573e-02
2.121159026472188916e-02
2.841143579157347568e-02
4.816882178351253319e-02
3.551674069115900306e-02
1.743185395941452415e-02
1.320101912496278972e-02
1.639333616580165506e-02
1.802840173823157949e-02
2.070809616356959065e-02
2.422154844405530541e-02
1.827099362442066027e-02
1.693506077882923205e-02
1.612881591941537490e-02
3.565212789660552467e-02
5.089527851542480219e-02
3.779403133059016512e-02
2.775536637124034756e-02
2.599085867817792564e-02
1.643271016684568972e-02
1.362092536068746675e-02
2.029851844168215763e-02
2.773348601584550363e-02
1.882440486049745051e-02
1.790769254649579242e-02
1.949619702591500262e-02
2.279388812179134610e-02
1.841501283136820835e-02
1.270098989573215618e-02
1.485340520044795345e-02
1.489037771787429451e-02
1.768799774247936316e-02
2.060582124455681216e-02
5.435520415594600335e-02
6.169834487505140852e-02
2.875667735880249945e-02
1.698748294746030285e-02
2.001592325036582326e-02
2.521965345337343414e-02
2.277677938152862860e-02
1.413972113871024387e-02
1.134276333832488770e-02
9.171833580187138679e-03
9.341399847358414568e-03
7.909978510004191457e-03
1.464950056977017481e-02
1.450161804552952544e-02
1.698571708659135301e-02
1.831520336197162493e-02
2.396258940371810003e-02
3.353358872521717410e-02
5.887487524475056022e-02
4.647538997041575359e-02
2.257438595489231342e-02
1.931678485242071391e-02
1.748188655033346833e-02
1.734774760425301238e-02
2.045717831954577126e-02
1.387646458200489201e-02
1.621042799225127368e-02
1.752565303356639487e-02
1.702597298960170646e-02
1.869929975413253329e-02
1.902130190273701102e-02
1.729901101480949693e-02
2.186553568994533889e-02
1.882326726405627107e-02
2.402850430077386329e-02
2.144149909487227251e-02
2.382137156321784480e-02
2.301139004638405941e-02
1.551238061822357919e-02
1.362680729991966148e-02
1.302956573670888477e-02
1.401949405663920761e-02
1.378865557322727850e-02
1.564987783787888387e-02
1.677495425438877558e-02
1.937528027196029276e-02
2.411125013857438187e-02
3.908305731618990503e-02
3.712892147400943116e-02
2.689535239844172490e-02
1.564981747602335951e-02
1.250142248542824089e-02
1.682539133664936667e-02
1.731854015910022637e-02
2.521088144725709343e-02
3.352439887596544293e-02
2.806275716329467360e-02
1.424973017205460532e-02
1.833132020248915903e-02
2.124280579833726437e-02
1.795090785718092899e-02
1.794875035718918044e-02
1.240467935517453220e-02
1.132642074762004944e-02
1.536336325492310834e-02
1.652759557251805636e-02
1.872027086292433681e-02
2.164396547921310782e-02
2.304398935262659542e-02
2.253563451796040257e-02
2.142465827225657760e-02
1.735958172133342248e-02
2.173444169431083470e-02
1.721151494401749332e-02
1.277039719282171450e-02
1.578899834824480652e-02
1.368927071684036129e-02
1.533072143252446271e-02
1.927934185628386865e-02
2.428685201801271745e-02
2.498434269391436660e-02
1.676648474766971597e-02
2.019989960747600038e-02
2.251063530793809969e-02
1.653834429798719391e-02
1.969407358847103523e-02
1.452379368063049306e-02
1.387112763846799421e-02
1.559647720338001864e-02
1.496173237475541956e-02
2.423029370597312368e-02
3.826250000405301277e-02
3.042854046892057990e-02
1.646514394022615888e-02
2.143534178163730708e-02
1.649639790155998931e-02
1.288117250450029373e-02
1.273325392124645232e-02
1.256851197019874695e-02
1.612365565658804845e-02
1.812606013623896742e-02
1.958950055193036180e-02
2.277042793549194713e-02
3.551926294117561944e-02
3.274101783317039105e-02
3.245262911024430347e-02
2.833262709835851142e-02
2.221816563490782576e-02
2.416525541899657709e-02
1.652966780974135866e-02
1.325239143849722863e-02
1.691599580727495833e-02
1.635748959259719290e-02
1.476848649393902417e-02
1.370297497166773557e-02
1.163033147463313211e-02
1.605894796956352025e-02
1.882900087173060635e-02
3.282766414823384826e-02
2.964868385327078248e-02
2.444002638336105482e-02
1.820881144756210726e-02
1.535838861815864119e-02
1.342622039626161119e-02
1.103826953685578711e-02
1.108850659403990378e-02
1.425573733761586158e-02
1.370866779517735702e-02
1.030218432975266857e-02
1.758640632581920729e-02
2.185366331583324037e-02
1.883187932202287640e-02
1.031740313136899310e-02
7.566839572872135697e-03
1.245434862427078661e-02
1.870017248061604104e-02
1.594376212380315197e-02
1.503284371049316663e-02
1.445692079481640697e-02
1.227168712903072348e-02
1.498173337105148349e-02
1.326863497027737891e-02
2.313973744690873621e-02
1.743574296500157231e-02
1.119110541659133935e-02
1.369427460975006575e-02
8.651166364807939130e-03
9.465549514178168977e-03
8.088291480912746315e-03
1.019986317114797078e-02
1.213884582963461328e-02
1.146917911923791417e-02
1.045689779728260251e-02
1.462231502517550956e-02
2.841569590422597658e-02
2.726001500163379235e-02
3.857278457354391954e-02
3.888849049090450233e-02
2.336170481890233880e-02
1.514259633817629895e-02
1.492236258151479963e-02
1.109636460966690469e-02
1.030412647752281148e-02
8.595309651009915008e-03
1.092806518182203902e-02
1.053812132627501494e-02
9.496712275781998835e-03
1.672893186209796143e-02
2.820787049293336027e-02
2.649160862713679718e-02
1.556459468160694207e-02
1.177146751545015205e-02
1.794920071579724982e-02
1.548371655852967890e-02
1.306594061258796111e-02
1.012079679062005688e-02
1.055948814290295391e-02
9.795920169672494432e-03
8.947841856586908824e-03
1.415203731230589221e-02
1.812203652237225071e-02
1.948066270085479362e-02
1.949433966828277923e-02
3.027138778120638807e-02
2.989280793058637573e-02
1.691366391507334935e-02
9.839980502506779150e-03
8.491174729835428842e-03
8.693618534550646981e-03
5.159505726289627392e-03
4.687545047564678317e-03
7.964849561457560539e-03
1.375127772782376752e-02
1.194945420207551429e-02
3.087511193915199598e-02
4.951542413119342650e-02
3.249370116059360075e-02
1.429774671881065516e-02
1.068392931880538833e-02
1.102787682154435234e-02
8.520621528778903400e-03
8.209598074361662903e-03
9.251545373018348756e-03
1.568892591491203442e-02
1.395618705415277785e-02
1.691383438528753363e-02
3.423728326349025769e-02
3.778763582956218281e-02
2.062686912885548438e-02
1.325028899091821970e-02
9.266838668336661519e-03
1.027281254851532093e-02
9.446973885629024112e-03
9.131772700197653136e-03
8.343364644126556595e-03
8.547706955741586968e-03
6.074687006864935325e-03
5.467724687403386144e-03
9.192035138123035021e-03
1.342586619594535874e-02
1.532442649909046030e-02
2.073384950685962236e-02
2.145558875205958241e-02
1.649026079598497896e-02
1.262994738021828815e-02
1.596830322740698180e-02
1.318930575239329016e-02
1.097966410154883020e-02
8.814348179897277258e-03
8.749086855047352035e-03
7.876337260671634199e-03
9.371559582503736011e-03
1.005065301117716997e-02
7.846919539449754774e-03
1.376531979375990138e-02
2.020761624715001689e-02
1.370893513546313398e-02
1.417753764940059974e-02
1.463399671944459399e-02
1.088116402991172287e-02
1.225374413069403937e-02
1.092363175760958927e-02
1.008292247344608206e-02
1.126500398231284131e-02
8.843413657171362088e-03
7.061291052038872265e-03
6.241985308629587406e-03
9.109997395558887615e-03
8.071750569126514077e-03
7.491745398089876343e-03
7.359157894343558264e-03
7.776090480501833893e-03
9.378287837896709389e-03
1.203553041222167781e-02
1.165375147963418519e-02
1.315408813771732494e-02
1.422934401288547708e-02
1.433311454120099124e-02
1.434037685268279259e-02
1.556722004342292291e-02
1.244143668484548430e-02
1.064425263366712213e-02
1.017583245312113534e-02
6.354497240045492781e-03
7.995438358268477930e-03
9.309766149390249004e-03
8.827640887186526814e-03
9.355258671626382957e-03
9.316387735876539150e-03
9.511198734581435832e-03
9.906417503179196921e-03
1.235495243615177333e-02
1.653486975328534100e-02
2.451275514939727299e-02
2.658335904570541600e-02
2.461159617943135813e-02
2.451554187041576210e-02
1.673702167513371405e-02
1.819992547796712642e-02
1.766645973133066164e-02
1.474388708121785428e-02
1.397319403780550133e-02
1.243289102081125003e-02
1.102093740398850906e-02
9.967726937670262286e-03
1.235722574219813574e-02
1.883827524285321131e-02
2.465877312056706863e-02
1.911275309400662509e-02
1.820807685003833498e-02
1.271488553055111735e-02
1.127039065507508438e-02
1.944232925219805883e-02
1.726269948944668745e-02
1.065438575207397660e-02
1.316179476887405220e-02
1.035625841986224580e-02
1.775308633491435445e-02
2.669827244200146527e-02
3.590554273024657017e-02
3.345412441274192572e-02
3.058095759868256422e-02
1.314698464862424157e-02
9.337544143976748631e-03
6.708746662002857720e-03
3.829711098568105467e-03
3.386748608444076127e-03
3.884848774653342548e-03
4.073140801364543567e-03
7.279997197687414906e-03
1.033574197853326035e-02
8.383414409780777510e-03
8.021249610903818245e-03
1.059824233758042619e-02
1.095474610956008454e-02
9.798213177455970119e-03
8.229719024131278496e-03
6.350005520338343305e-03
5.832726434510689464e-03
6.908768374358108776e-03
5.176518951150406445e-03
6.006959210516376983e-03
1.080934277286584554e-02
1.058950202188311922e-02
8.620150892981804855e-03
1.028228654680799457e-02
9.794627674330850034e-03
1.165500502646924473e-02
9.761661414257351982e-03
7.008583837587546717e-03
6.844094592448740459e-03
5.313089246644085370e-03
7.722560470225594415e-03
1.063922740898017548e-02
7.975117007635182734e-03
7.607660995375043270e-03
7.448810000737782384e-03
1.127197887571939304e-02
9.318246295130259288e-03
1.118727441098947735e-02
1.048988692169602367e-02
1.621871938248115042e-02
1.315985463411420420e-02
9.001622286369184364e-03
1.103593239299558229e-02
1.111684429263383109e-02
1.137511519203829140e-02
1.075545433338881592e-02
9.885977964853936983e-03
1.108012319567583392e-02
1.043821397886652950e-02
1.037119095262284581e-02
9.471776287766162788e-03
1.159775360177244669e-02
1.083329494106661725e-02
1.127903196013494390e-02
1.537130187103258674e-02
1.519248961940367244e-02
1.701633874340022570e-02
1.411364845988034855e-02
1.279634099522510698e-02
1.401711365919089056e-02
1.069026462279739145e-02
8.246641750405240417e-03
6.395850145308014552e-03
6.063563804923342501e-03
7.218709788656672323e-03
8.731536916117599995e-03
1.161896815312183501e-02
9.771534903206395214e-03
7.271309723246386497e-03
1.209951457303233384e-02
1.093258338364603600e-02
5.712879064385248569e-03
3.653067829930307063e-03
2.255738046171709872e-03
1.711118578905019161e-03
2.106947769715485867e-03
2.572543649367848607e-03
3.231881076567386796e-03
4.077679207790926678e-03
4.764277728196527305e-03
5.240826564910721144e-03
5.579314005748852931e-03
5.656507337387877907e-03
5.440518419679362533e-03
5.388271802848515132e-03
5.605438433098325346e-03
6.178329103153528887e-03
7.070827801845296773e-03
7.792327698637505420e-03
8.391178772832809038e-03
9.221072778809425233e-03
1.082174348197188427e-02
1.257117922375913799e-02
1.456703424630301918e-02
1.376301595640570287e-02
1.184428558732106805e-02
1.064132839830867448e-02
7.554772886792839211e-03
6.856866427099156912e-03
6.563698075322335797e-03
6.626134052511657886e-03
6.762330172258733743e-03
6.359229103650066925e-03
5.509012871997462715e-03
4.482718706675215860e-03
3.200049232947075207e-03
1.967283109829699381e-03
1.683498338439874502e-03
2.669280678058302218e-03
4.014283098616204179e-03
5.542569330400316276e-03
8.032280783794455703e-03
1.040364731127508061e-02
1.047621087370425273e-02
8.830685401875943558e-03
9.919551697448807451e-03
1.058620989380140709e-02
9.202839725230374870e-03
6.844892303100027706e-03
4.452204589766004666e-03
3.934744483297373044e-03
3.844274730393078005e-03
3.575380600852638875e-03
2.809838302077959267e-03
2.974735125266836019e-03
5.734227101458579980e-03
9.224185332558105382e-03
1.226746660456003515e-02
1.403612482376644967e-02
1.393479890381841071e-02
1.205616306278470620e-02
8.862430076252984096e-03
5.364965088781396482e-03
3.416093374915629612e-03
4.629416563485533320e-03
9.461033381277624693e-03
8.685178818518128271e-03
7.520026029273182804e-03
8.281642235102725999e-03
1.222402924173482917e-02
1.201184878783759062e-02
1.000583732488115329e-02
8.085724204524307943e-03
6.677985924245671313e-03
6.560791808530187959e-03
5.980773322992410587e-03
7.935612942620257765e-03
1.056638974519724314e-02
1.538759127416823580e-02
1.391073955449074161e-02
1.435217424843648198e-02
1.729077018374909278e-02
1.306587575037773501e-02
1.452420492445523174e-02
9.915549394389251356e-03
8.392803771132172769e-03
4.415568714715429992e-03
6.487028606621121976e-03
1.012628800653007401e-02
1.197467480421598313e-02
1.024759654194577242e-02
1.318943564299422493e-02
1.220112796190738619e-02
1.718170313618872999e-02
1.231678812061321772e-02
1.164780880572464580e-02
1.053056341629957614e-02
9.562953043152095517e-03
8.816480847454991401e-03
7.936354933603435510e-03
7.100029807002086572e-03
6.486661572865991092e-03
6.053253238899625535e-03
5.689187657531138975e-03
5.349073294048806333e-03
4.879007092069917971e-03
4.138451032401277430e-03
3.261365702345129548e-03
2.391619629372560354e-03
1.624986646915150710e-03
1.026855177372883437e-03
6.855128106369556655e-04
7.574048689698580257e-04
9.629339638852211147e-04
1.120523146316095529e-03
1.172959053154072184e-03
1.130644427815514661e-03
9.749011218543265651e-04
7.781999855627332388e-04
5.813695521604967786e-04
4.170371014303665322e-04
2.879416489318583358e-04
1.934174638693910678e-04
1.474689299264790739e-04
1.076692800217952229e-04
8.416812020792043838e-05
5.919779824300557919e-05
5.083060339548782378e-05
6.440543591552572622e-05
6.847312343506824423e-05
6.882051487982073998e-05
8.062154121033113469e-05
8.333526565928363480e-05
5.758626098322250115e-05
5.347729572343051492e-05
5.848095588065579291e-05
6.068708888746025527e-05
6.393536343341982352e-05
6.853495629449975570e-05
6.579091874400489750e-05
6.652065377427259993e-05
7.381616284408298477e-05
7.748983805767492258e-05
6.758915681378044587e-05
6.416655991256922577e-05
7.413218881802767480e-05
7.012170120768455644e-05
6.578145055329076096e-05
6.522990981670970473e-05
6.827128570074662730e-05
6.244791599019285534e-05
6.307095400722451399e-05
6.163406392296407615e-05
6.164673418012382646e-05
5.806896258395163424e-05
5.219432262087579021e-05
6.692801205801704033e-05
6.993833774927146947e-05
5.676055876106763959e-05
6.685067905215245150e-05
7.321486965398399231e-05
6.758868788010819807e-05
7.062451969358813785e-05
8.313754081171493703e-05
7.507607233891568457e-05
7.010176223326788935e-05
6.582955838709701388e-05
6.728812226372870621e-05
7.850769172390208780e-05
6.660999330434286996e-05
7.067721706981042401e-05
7.191987226551476852e-05
7.182359415170626207e-05
7.108005608830488930e-05
7.004940599572020369e-05
7.049102967357155603e-05
7.834300370905867314e-05
7.680690706643953367e-05
6.049355262242896961e-05
6.113976205938433106e-05
7.032532959654224009e-05
7.766183186255479264e-05
6.278840412549891651e-05
6.433297174248151862e-05
6.535752703354537731e-05
6.858770112877528974e-05
6.704805087197880198e-05
6.442752657071582143e-05
6.801949688657808030e-05
6.669984605520611141e-05
5.832981141867540442e-05
7.286019150669884904e-05
7.253388350617442134e-05
7.285293778345437938e-05
7.634575223619449237e-05
8.824047012601253710e-05
8.635716114155801010e-05
6.044814144098341140e-05
6.803574899658305268e-05
6.680585005120249120e-05
8.396239372828874872e-05
8.385079705905560332e-05
6.503438224442444125e-05
5.865937514185096217e-05
7.208509427727905654e-05
7.468986045973788790e-05
6.941443684982800944e-05
6.778196899860807183e-05
8.320153545752974767e-05
8.946997923309476445e-05
7.651641270476188255e-05
7.258191037970460697e-05
8.351716472118773298e-05
7.499852298171600089e-05
6.957036747761895853e-05
6.937413992764855967e-05
6.765755782209086598e-05
6.943290440626309168e-05
8.768633224716882379e-05
8.465761214240855286e-05
7.383497265872698302e-05
6.800500875644650606e-05
6.897551695565345151e-05
6.294765506334039601e-05
6.599397009118682707e-05
7.616962285824407561e-05
7.771563685788912144e-05
7.241493172131854828e-05
6.972102323245765699e-05
7.390693980813269027e-05
7.648497973437905564e-05
7.794070218148986290e-05
6.639754614703302898e-05
6.010610815921861160e-05
6.165645401112735237e-05
8.021466802895639938e-05
8.829337607728764158e-05
8.924497330389528547e-05
6.951545405437763441e-05
7.191604262712910170e-05
7.145230904131755385e-05
6.407618439062749661e-05
6.059464563863873970e-05
6.469831072367408179e-05
7.204139196019380444e-05
7.951640526536593243e-05
7.171682915373672068e-05
6.054767799055555164e-05
6.218107709057777018e-05
7.344947539853017432e-05
8.247805970943867930e-05
6.324452261482539119e-05
5.666381870468564563e-05
5.819868725865143098e-05
5.900187916796070851e-05
5.691503114825451439e-05
6.370295349033817901e-05
7.598893295105547214e-05
7.852033154793401854e-05
6.545330572418667399e-05
6.365811864148440604e-05
7.359952001121653940e-05
6.147041077318814823e-05
6.508729920805261674e-05
7.128730803571500145e-05
7.435216313208787111e-05
6.739463651523868175e-05
6.022274519094091645e-05
7.006790482354950569e-05
8.319175176146362358e-05
8.492919004889582315e-05
8.261025213919631865e-05
