1.152828988413520245e-01
1.718355148662240039e-01
1.537059002507168981e-01
2.005817068241546042e-01
1.788692266545331144e-01
8.701375583299871819e-01
1.238728922505801355e+00
5.112272242753257423e-01
1.730379028026486077e-01
4.403811501017886321e-01
1.425449800773054498e+00
6.939778204549554630e+00
1.492915759542937693e+01
9.726010684077760260e+00
1.085250931687333997e+00
3.048248873768745759e-01
1.591991734498319766e-01
7.264442646816152149e-02
6.000776492687952268e-02
1.253845851259874078e-01
1.828856913978260945e-01
1.541750087463998331e-01
6.787094873228941561e-01
1.121389510766354736e+00
1.225815325185830362e+00
1.145655479289531042e+00
2.735001674158395457e-01
1.589553081486394237e-01
8.331753719795723101e-02
3.881472484162873382e-02
4.510849085725152779e-02
4.491459991960562032e-02
3.616846952378396929e-02
7.158769395546220327e-02
2.212628453905838843e-01
5.225347018363711848e-01
3.393496049969905837e+00
4.338629575816487005e+00
1.406480541068301005e+00
2.362976177301965020e-01
2.359346184057616036e-01
2.112825318388310836e-01
9.048274069651154883e-02
6.364600294693491256e-02
7.311240566745430547e-02
6.638064892279350870e-02
6.848113121819535132e-02
1.070706931737359507e-01
1.257731245491242378e+00
2.167038329365560401e+00
1.013740659355779838e+00
1.321542212782439996e-01
1.115080311833581972e-01
9.405872939175832781e-02
8.180614873405533949e-02
1.090597560679547329e-01
1.265931165485200405e-01
1.232999599038339944e-01
1.350769184230528330e-01
1.607197408902562297e-01
1.404035284000188399e+00
3.240475913743119385e+00
1.995628886585918416e+00
1.567979669659081698e-01
6.792166393261654667e-02
7.252503366712390043e-02
7.923208078336821392e-02
8.052567361215645647e-02
1.420546114321207531e-01
2.239134548026473770e-01
2.957432918468748118e-01
3.606411724154692799e-01
1.544560618671449559e+00
5.779726765061854010e+00
5.209629005525484580e+00
9.992881056524817174e-01
1.998505673042735853e-01
1.346623151815082020e-01
1.008256951946909785e-01
8.279677890686561181e-02
7.388545309449466580e-02
8.887510720736965797e-02
1.274877566535406181e-01
1.890768724119037680e-01
6.300085186905752810e-01
3.953121943570662822e+00
4.982645486107642796e+00
1.627780073828531293e+00
2.645789646954849195e-01
1.370179420024445482e-01
7.399035067241106767e-02
5.124741298617916524e-02
6.263026052641251784e-02
6.534039404836902709e-02
5.545320908729661769e-02
6.356647785799873773e-02
1.217591418319250857e-01
1.061590227960216071e+00
1.890453043128605071e+00
9.015826370119794930e-01
8.149614431343314702e-02
6.210087188093506988e-02
6.251478140979371823e-02
6.815159025797506986e-02
6.175749949037020320e-02
6.700763875880079434e-02
7.923920458808594858e-02
8.280592523704931318e-02
8.269659856013911181e-02
5.774164214094540393e-01
1.727775245423234241e+00
1.320911315794615515e+00
1.901630757792803217e-01
7.523699336448476382e-02
5.954486455609489526e-02
5.378091950702454382e-02
3.783448241118539390e-02
4.417342225964961122e-02
9.912776225580031964e-02
1.415089248105238784e-01
2.093284552918878716e-01
7.713926758189842969e-01
3.983737803617067197e+00
4.676264581636019990e+00
1.424765365853468913e+00
1.436132333072964729e-01
6.656293034933070951e-02
4.735693883895706474e-02
2.950306344394379096e-02
3.339683697811424157e-02
4.735485108544910948e-02
6.567103640544784404e-02
9.058075977638903320e-02
1.829803461393327280e-01
1.214887259007766840e+00
2.302659267607671811e+00
1.233842032590733329e+00
1.454433686800566117e-01
7.661708118890453445e-02
4.503815029995009850e-02
3.275353330056146595e-02
3.726301897199860158e-02
3.158225696120955939e-02
3.037854990355965887e-02
3.820051529261472151e-02
7.475968551342740409e-02
3.716238222452713513e-01
1.325115221257503695e+00
1.205995694823635445e+00
2.709022705129121023e-01
7.124425758060877467e-02
5.102674759039035196e-02
4.891728457472571678e-02
4.504186816780670483e-02
5.395791480631012549e-02
6.086589722921088158e-02
7.884069835231576062e-02
1.133584288204730617e-01
5.441549889069827728e-01
1.277539681704489949e+00
8.628642302430199473e-01
1.891189312637358844e-01
7.157629004004330275e-02
5.570233056355928386e-02
5.328787415907929037e-02
3.901377739534327149e-02
3.698596837724380665e-02
3.045086947064011909e-02
5.282251167010217768e-02
7.100657301488999540e-02
8.713060206465403357e-02
5.299805225319099700e-01
1.732446078176221871e+00
1.485984830870039852e+00
3.033248710931628622e-01
6.593665441813785499e-02
4.222051796307563915e-02
3.515084449455954663e-02
3.075532861652919073e-02
3.309135119301898770e-02
3.705578771721104031e-02
4.043726186598278066e-02
6.178506588156241347e-02
2.592299843557382966e-01
1.164660451683187326e+00
1.694670733866196821e+00
7.156613624543699537e-01
9.103609729610602497e-02
4.433618555406990125e-02
3.706237933363870640e-02
4.100297173728303934e-02
5.258729058472918355e-02
8.173780571520358751e-02
1.381012272327912793e-01
2.060664229522186641e-01
2.672272245953561942e-01
2.733410369124331663e-01
9.639125304148702389e-01
1.464683401430356913e+00
6.525797103105556163e-01
1.215435009400125665e-01
6.745729680893931823e-02
5.372397533880806514e-02
3.556581088305627025e-02
3.031377561483456981e-02
2.682543836503700763e-02
2.163209801666672594e-02
3.845782633136068246e-02
6.247493459293552986e-02
7.041723651470761791e-02
8.876484901041957476e-02
4.993803887773503453e-02
1.494948916482650471e-02
1.052995637800716033e-02
1.003727635798307670e-02
1.398197067580628401e-02
1.430068905870888335e-02
1.494251274703774397e-02
2.304815077036293305e-02
2.771574044590832328e-02
4.092653256942142825e-02
6.274438248442368304e-02
3.438859496466640242e-01
4.879832279784471205e-01
2.022995261722447258e-01
3.904667280840740107e-02
3.194106514581605827e-02
2.057840045343641705e-02
1.796929928840524174e-02
2.036859734205384229e-02
1.813579118677968033e-02
2.374659738290050420e-02
3.710263910682897598e-02
5.442577747783039488e-02
8.239934856403294261e-02
1.402850020280819454e-01
8.800119276502312016e-02
2.510800592810854756e-02
2.000603331985684533e-02
1.653295565515149057e-02
1.180492480954897783e-02
1.103962951774077779e-02
1.078299189394841748e-02
1.543833449182651849e-02
3.252916804635903880e-02
4.885825211474822960e-02
3.787419957588462893e-02
1.025215812779082108e-01
1.758447211753743911e-01
1.011336947095091976e-01
4.544419169765354788e-02
3.330827724279504520e-02
3.166676697539360513e-02
2.927645317183553281e-02
3.597313439311986688e-02
4.420526637925038804e-02
6.658726931523084591e-02
1.899672886522453530e-01
2.285373318830841438e-01
1.168701457660838855e-01
3.560515443878605746e-01
5.717001599812928658e-01
2.904985657487254014e-01
6.415953792711383274e-02
4.794349282812986057e-02
3.490330227801280438e-02
2.619352839678388070e-02
2.643343973217477175e-02
3.368925200567281925e-02
3.999898510071150243e-02
3.817484692971071653e-02
4.063104041137420575e-02
5.666948700603176986e-02
1.456637465651273167e-01
1.829377477988815281e-01
8.519897351007300890e-02
2.619000547595732795e-02
2.072541686609203487e-02
1.804396349807010219e-02
1.637365896207680291e-02
1.654351442224810675e-02
2.721530863731738692e-02
5.086899706802709004e-02
4.944117334583956330e-02
3.656244380885963902e-02
8.626050976173531282e-02
3.901739915564318428e-01
5.021649696672675356e-01
1.891758236492916134e-01
2.603694139051520098e-02
2.035966694702183097e-02
2.272202172784799565e-02
2.238845725680880042e-02
2.200259949532975753e-02
2.436497946367888190e-02
2.231036273250926183e-02
2.395742832370223105e-02
2.738569897944844247e-02
5.049761746844992627e-02
1.097383092080425476e-01
1.052270015292969124e-01
5.014468427776407056e-02
3.485568923957373111e-02
2.197744739741758560e-02
2.014293943554169852e-02
2.368385162130796223e-02
2.089943474930105322e-02
3.335033518712567785e-02
2.612929439795396921e-02
1.743157471877200201e-02
1.666100530772961913e-02
2.102175666582340244e-02
5.035083479627754793e-02
6.845635292035381902e-02
3.816462924562120246e-02
1.754084759760459258e-02
1.285571827795923931e-02
1.239710886158171266e-02
1.600962969738971287e-02
2.276424582786540710e-02
2.104080143432126085e-02
2.097261958423456488e-02
1.855645190876028042e-02
1.989668463198052129e-02
2.390208258621550133e-02
6.605875619512455166e-02
1.030920847150565561e-01
5.502959284748767249e-02
1.584897546613268926e-02
1.246907132106094690e-02
1.135953753543930689e-02
1.335221584500776576e-02
2.002315462693175091e-02
1.769699143734328184e-02
2.103917936040962389e-02
1.965380108389596509e-02
1.892490399842058219e-02
2.237836280929750982e-02
5.520263159916530271e-02
1.032853419936038825e-01
7.263760472720838524e-02
2.410072127212103954e-02
1.430921841150422855e-02
1.524364005966192225e-02
2.701920890691665578e-02
3.439150148088485764e-02
2.565061537356283158e-02
2.582208368767523188e-02
1.939465497644133826e-02
1.619129021576870553e-02
1.569968554151467480e-02
5.901428941631738784e-02
1.138125330307458438e-01
7.726787567486059771e-02
2.337372965816748513e-02
1.930777202077765126e-02
2.217509791395719590e-02
2.514783766588891273e-02
1.804859049348616143e-02
1.282327702765946771e-02
1.663122852709855021e-02
1.439067676089764158e-02
1.157399776887968294e-02
2.070875273796720165e-02
4.071332063326351530e-02
1.732190979175391166e-01
2.351324856855570022e-01
9.648733400349934763e-02
2.504893708999887669e-02
3.773139357498773994e-02
6.391220356072928321e-02
4.669152377779489660e-02
2.405675521698744795e-02
2.206259174941384640e-02
2.019804006897886819e-02
2.412011736024887235e-02
2.214217670905129637e-02
2.546670374043884591e-02
3.129388667937436225e-02
2.885347149718515969e-02
3.659088374757622775e-02
3.571113618320678057e-02
2.933787263951738791e-02
2.940199637338336905e-02
1.692519452465995194e-02
1.548225151148416995e-02
2.152545646642829713e-02
2.607490411912836634e-02
3.670591956765457964e-02
2.695765434769253205e-02
2.695616593232948513e-02
5.155322856088186134e-02
1.668633364771660299e-01
2.700871322903313776e-01
1.962106315842981064e-01
7.727813025462741681e-02
4.903229592817438115e-02
2.304600927654607695e-02
3.194793537605363637e-02
2.717280667150746842e-02
2.940281573635666890e-02
3.823310504149635830e-02
3.261425972306205429e-02
2.735500187548212808e-02
2.622313380682617795e-02
6.323442389982063261e-02
1.038995380638179089e-01
8.322502382907992491e-02
5.417080257485682587e-02
2.926054316607493502e-02
2.350805791426489877e-02
2.195900081487775837e-02
2.586809194406460705e-02
3.061205416429671478e-02
1.974819509560095041e-02
1.711797893525821013e-02
2.195461863188459886e-02
3.094763049378539480e-02
4.719221435227101413e-02
1.316375526232420601e-01
2.311189125003780265e-01
1.421121558213842839e-01
4.127886292753650543e-02
3.227695560760691917e-02
2.913394301587699659e-02
2.611954268984133937e-02
2.947655130016170466e-02
2.627279259664898337e-02
2.401571128854593229e-02
2.119580917107683968e-02
2.097916971568242195e-02
3.000210631949119452e-02
3.748662854421554863e-02
7.753373236799183943e-02
9.678146040701143815e-02
4.699035010278439922e-02
3.047303985180173716e-02
2.322916927122784317e-02
2.178888711207295839e-02
2.112992433222652539e-02
1.698720402410272209e-02
1.386579690552889807e-02
1.650756155964080291e-02
2.082007958099869882e-02
2.164100965916389979e-02
1.867163903097558697e-02
2.528570098071848682e-02
8.735768089901581324e-02
1.085962161833914363e-01
4.230114743660089854e-02
1.491015232384952996e-02
1.383354630872959783e-02
1.627401262630360709e-02
1.813425173258932308e-02
1.830585506196720849e-02
1.883131478943207357e-02
2.294057417706445862e-02
2.904898732491544705e-02
3.171563414045474455e-02
3.229094233982102852e-02
4.004382411076166243e-02
1.000826507179179564e-01
1.138832237464616204e-01
4.475323164354734484e-02
3.227510072873438635e-02
2.852111968684078319e-02
2.407535728267589520e-02
2.086377054652994306e-02
2.016218038106776245e-02
2.442245965105542191e-02
3.115604307222106725e-02
3.366106531158206266e-02
2.386356397471586094e-02
2.124949205813537675e-02
3.654784909217640571e-02
9.847179793791492608e-02
9.073091699063220994e-02
3.101400921364738314e-02
1.904802912379109300e-02
1.043989653392178758e-02
6.054112774977540856e-03
6.920265004330269747e-03
1.365360987508701558e-02
2.494599487747492517e-02
3.494358714088994372e-02
2.100186925500339280e-02
1.668880680902111099e-02
1.130765321061829622e-02
2.260026032538373780e-02
7.846774974033826622e-02
9.072218870435326543e-02
3.487546180991591555e-02
1.425385751330843394e-02
1.390293348955711807e-02
1.528644007769227632e-02
2.067712060648376968e-02
2.163094753706435239e-02
1.788578851875061160e-02
1.473407751035288489e-02
1.408271769062828353e-02
1.761784261094573659e-02
2.090348446402172725e-02
1.964553026375865513e-02
6.064000510217500833e-02
8.292394581644957352e-02
4.032258589076331140e-02
1.657233376091419089e-02
1.387592257346265644e-02
1.911571926528133833e-02
2.306103136968068804e-02
2.068820203468730787e-02
1.607972534637829715e-02
1.001795402646308598e-02
1.797723587618108021e-02
2.122784325400996208e-02
2.381115700288806772e-02
3.375142282952625639e-02
1.383524033192158054e-01
2.638680747906965718e-01
1.653665319148570623e-01
3.208226506470860523e-02
3.196688630863435410e-02
2.808140015025488087e-02
1.962849919118075590e-02
1.496165717679711141e-02
1.726519059051383892e-02
1.979517850348486152e-02
1.748546097067342139e-02
2.504895693204459151e-02
3.486089539708202290e-02
4.394710446714872321e-02
8.883995858003101986e-02
2.855494305027721502e-01
3.254652875291218495e-01
1.303942301800654346e-01
8.062407889018784191e-02
6.600293898007256188e-02
4.036942182770258958e-02
3.169633811646261484e-02
2.882409379434939731e-02
2.433852318066685380e-02
2.602345292264716600e-02
2.745804206973379707e-02
2.940157890616558814e-02
2.871507932483720674e-02
3.614807859816736302e-02
1.614583909097759284e-01
2.671417011392481777e-01
1.468453483203975840e-01
5.131410800323681770e-02
3.810857429185172951e-02
3.092584926861655092e-02
2.981715341685810608e-02
1.993810813483727976e-02
1.049263150253031650e-02
9.812309986372867027e-03
1.152048055312675234e-02
1.335422403553632696e-02
1.132399789260631756e-02
1.253247507203666088e-02
2.693930742983521864e-02
5.158777303233529066e-02
3.414585256929955626e-02
2.143576916292208590e-02
2.062093946115021656e-02
1.466188138190479412e-02
6.701689085212786737e-03
1.134984272112902343e-02
1.570993546562924476e-02
1.783027132755106089e-02
1.730083098525749680e-02
2.010103412184081201e-02
3.053492122119793456e-02
4.837414977631327578e-02
5.528640681047180400e-02
5.484118047680993507e-02
5.000754811567220681e-02
4.656228800370818682e-02
4.083206633796195029e-02
3.539738638049288316e-02
2.276013456206899335e-02
2.124541110304172670e-02
1.925547919190159774e-02
2.010855695090303652e-02
2.515912175051348773e-02
3.970479499620147013e-02
7.018272670537019364e-02
8.967121574371982040e-02
5.386278855100790075e-02
3.266497607505836759e-02
6.403995363884239234e-02
1.337946624355556280e-01
9.423378069397209122e-02
2.420973293671814519e-02
2.605838737490542151e-02
1.911985840165049411e-02
1.682471527705656222e-02
1.485835548505751169e-02
2.027194040817778889e-02
3.552915755153643329e-02
5.402782083806938196e-02
3.813367633441415439e-02
3.115821259883446229e-02
3.287855325265452711e-02
4.634520114389101275e-02
8.662821870166803606e-02
1.450898142736159746e-01
1.539401304621314248e-01
6.890068893348993972e-02
2.508296117077072826e-02
2.435180673233730553e-02
2.349136852338622530e-02
2.543486936238276500e-02
4.262923542480077932e-02
3.312197107172019928e-02
1.627073419323478778e-02
1.336381563204768787e-02
9.512347236856981067e-03
1.069003796907844368e-02
1.747040898095209363e-02
2.066970725173875728e-02
3.433304542857686104e-02
3.238748977222429687e-02
1.827271818690803101e-02
1.437931065442392062e-02
1.240593745943237812e-02
8.069318128179644653e-03
6.217514633689719995e-03
5.440650492235619452e-03
4.982462361409747617e-03
5.303827840133099047e-03
5.686718334119894407e-03
6.976713417227117277e-03
8.827501175635896202e-03
1.435971874191562664e-02
3.116905002040104913e-02
4.365203286791120851e-02
5.280941829522990683e-02
4.364507097539488401e-02
4.314317793950776803e-02
2.484311757941676940e-02
2.294634305124204285e-02
2.233389989986662300e-02
1.278198185066496857e-02
7.203402848063144258e-03
4.433389673164838361e-03
6.862936869638847082e-03
1.035509976789811271e-02
1.267208883110845091e-02
1.527062862971211368e-02
3.316729673649737586e-02
8.808397409201455808e-02
9.082892824225702322e-02
5.161587041734453513e-02
2.489371141627548870e-02
9.091953079122356077e-03
9.249931098390191259e-03
9.704145714121354890e-03
1.015810216382359923e-02
8.432739937272518138e-03
4.352699645534256062e-03
1.023878766234640955e-02
1.456972905978938179e-02
1.290628333072079900e-02
1.464868597234068696e-02
2.081123493384530801e-02
5.304745739845612845e-02
1.816561513559244723e-01
1.924996852362320099e-01
6.960631431019982662e-02
4.245361405189378851e-02
3.285462737893030810e-02
1.825911838069319698e-02
1.154541561738814566e-02
1.752617263130679809e-02
2.060585876047289419e-02
1.201595522533351924e-02
1.305394359347617286e-02
1.317483375140633337e-02
1.209075571878590050e-02
9.676818964571506226e-03
1.678992614902250977e-02
5.663213580270733127e-02
6.513252331288073294e-02
2.690896751991841279e-02
1.526339818831841388e-02
1.131562613005813317e-02
1.313201327931424849e-02
1.471866699947570016e-02
1.365519127674327121e-02
1.128663526667843600e-02
1.210418122741819050e-02
1.444181883578969650e-02
1.692810978882627534e-02
1.699305239526037112e-02
1.570172127789355374e-02
1.558111546111367804e-02
2.508120895939023806e-02
4.644096959539623787e-02
4.496497589261718580e-02
2.536823555001249328e-02
1.368617690197738990e-02
1.089379746074262655e-02
9.851572151777442457e-03
8.684035768918556969e-03
6.624422537851917987e-03
6.371620878363579502e-03
6.869902827907767295e-03
7.369538249074207570e-03
9.810642660480897032e-03
1.586385543030028808e-02
1.977524768052056972e-02
1.981497843103044096e-02
3.629841343286085986e-02
6.934868153164502891e-02
5.398165055952237890e-02
2.796155605965388452e-02
2.043415323810957376e-02
1.423103449835022918e-02
1.182293175222563948e-02
1.325237592129396152e-02
1.466009899016765435e-02
1.442731407601361392e-02
1.183801662331782946e-02
1.768949235231215625e-02
2.379738919161000082e-02
1.776303590822413819e-02
2.029146808280538061e-02
4.072440525503229214e-02
1.437858702850412229e-01
2.954769515756225373e-01
2.165343884873527081e-01
5.073389271095210540e-02
1.770152427120330260e-02
1.523314465733316067e-02
1.345461517632535325e-02
1.472180140865440336e-02
1.452520472987696605e-02
1.220451292553526544e-02
1.224974135441062907e-02
1.264157190081186509e-02
1.571818678737911881e-02
1.782663550031960212e-02
9.889878546477005525e-03
1.258730724191216288e-02
5.142283004116002254e-02
8.264220283433137970e-02
4.808301526953599053e-02
1.728562277116788351e-02
1.596337553329957304e-02
1.336697919500687975e-02
8.320502304272144392e-03
1.181726901794066115e-02
1.556203972030419103e-02
1.808674896871813320e-02
1.333496958141499808e-02
1.736980733386677897e-02
1.716979888056941600e-02
5.042257859612350041e-02
9.501351497086121811e-02
6.092154702705606523e-02
3.402759064223159075e-02
2.988202761602598567e-02
1.933231017897231452e-02
1.219289482852043034e-02
1.094426052700628663e-02
9.230384303218897371e-03
5.210868189197898244e-03
7.869672400761990733e-03
1.192258392886302344e-02
1.358355720660783979e-02
1.171138214041859103e-02
9.314798376153397494e-03
1.161731807029739265e-02
1.481198387628857721e-02
1.170699013295207688e-02
2.362988460726231366e-02
4.231220242118738373e-02
4.269777647907972012e-02
3.666184259610711510e-02
3.129072423777657513e-02
2.172237504775388281e-02
1.792115703247669847e-02
2.091660326731948835e-02
2.258589256729746572e-02
2.615495494106944568e-02
2.345066294465977114e-02
1.756173301998481193e-02
9.986594928371429758e-03
1.253314409704072742e-02
1.401442570683440053e-02
2.215190971195385092e-02
2.239538537832048981e-02
2.813163183075064605e-02
7.696242039883180452e-02
9.668337443131114206e-02
4.223876894665026804e-02
9.103384741085481999e-03
1.654659066628406949e-02
1.316534728336416459e-02
1.089452071588392808e-02
8.454085785592809626e-03
9.021339291547872397e-03
1.060089326928335615e-02
1.046954231947303665e-02
1.337245713335837895e-02
1.154129287393184690e-02
8.679777805959064743e-03
8.276366891318028343e-03
9.419440060195261380e-03
2.108929860221235922e-02
2.556967238720818381e-02
2.305608509566556621e-02
1.665100444249665787e-02
1.541604313810815072e-02
1.544192342473663104e-02
1.401674419090133406e-02
1.150487963898174856e-02
9.059230983894057954e-03
9.338586836707147426e-03
9.681213684469511596e-03
9.358178511908371577e-03
9.064313670907821543e-03
9.896510869132632907e-03
1.085337919113557939e-02
1.117626133610974057e-02
1.089607896970461350e-02
1.055455946581824837e-02
9.551411504516150314e-03
9.505728629928520551e-03
8.433818619484665866e-03
8.436914011135587463e-03
9.019648600400361274e-03
9.139495200984377662e-03
9.132588443537479825e-03
9.690562154859376845e-03
1.030136721618489688e-02
8.843178024143187599e-03
6.932844690077206821e-03
6.298273493202474586e-03
8.755595351573179988e-03
1.201038167872737865e-02
1.005158450180862473e-02
1.041696292720325871e-02
2.402623030789289085e-02
4.948251656535935378e-02
4.867877604593198737e-02
1.822436118457080451e-02
1.092987343289657763e-02
8.660462786273500149e-03
7.505514854552197690e-03
6.535471155102910712e-03
5.670478521115533167e-03
6.117783524210086699e-03
8.867181234939488024e-03
1.024856000675131856e-02
9.015833806178395748e-03
8.184058612975587954e-03
1.179004469352976092e-02
1.545428202375700825e-02
1.520483394491920978e-02
2.958729357227726786e-02
4.100355550363424251e-02
2.076851499181184280e-02
5.751892409852769547e-03
1.836285554363010011e-02
3.390950787289136181e-02
2.424245116924041502e-02
6.865882230445874423e-03
5.772009313704801539e-03
3.549564719475268703e-03
1.941227645201416179e-03
9.634464011404201070e-04
5.655965346899799245e-04
3.493815512327065696e-04
3.052424502301983407e-04
2.952810637939011452e-04
1.981650518765145697e-04
1.653362553167278331e-04
1.435174947284320916e-04
1.451910186720790734e-04
1.092167706699819250e-04
1.056671722995565564e-04
9.832625423634606672e-05
1.009077796140152734e-04
8.594355186741348921e-05
9.941892567729419166e-05
9.930804472124437254e-05
8.766539634153930869e-05
8.397427614406260574e-05
7.518847443451013701e-05
7.782501472105940812e-05
7.555069692646713183e-05
7.929950722941915271e-05
8.944580599418643996e-05
9.492396340862581058e-05
8.463005521035608383e-05
7.634109615715203086e-05
7.613290805311819442e-05
7.079113659742250790e-05
7.850132720501984635e-05
9.564809266175541478e-05
1.003743594203255856e-04
8.672553549978975502e-05
8.360962036904392839e-05
8.697244193668251437e-05
1.101370296163616018e-04
9.836713379923883445e-05
7.827081218197650650e-05
7.739867815012064665e-05
7.341302530876761079e-05
8.269993891767191184e-05
8.876027508602958181e-05
7.708222553428888146e-05
7.906616549323052044e-05
8.368973085388238238e-05
8.867541408929669312e-05
8.798652946923323512e-05
7.616049194170945768e-05
7.672050912299004761e-05
8.174796142250928771e-05
8.152645123694490933e-05
9.248843520704965121e-05
7.982210151614413298e-05
7.720050578693855587e-05
8.000546239901465753e-05
7.893459324288583259e-05
9.400485713646791167e-05
9.372858840779557221e-05
8.282485960971498469e-05
6.605020827583953373e-05
6.636715535255138993e-05
8.409608315805196666e-05
1.045775373016240897e-04
7.818137892157421467e-05
8.546145210155615729e-05
8.932467903264730406e-05
9.823230565677756171e-05
1.049765011834193838e-04
9.629905218893802029e-05
8.284528400545299552e-05
7.756260921585774717e-05
8.625757291177132545e-05
9.444828476761416697e-05
9.667694232362555038e-05
9.261860293702500052e-05
7.661687968527160686e-05
8.284831683407034944e-05
8.941684499713103561e-05
9.054697339100843169e-05
9.292976718234451181e-05
7.197076210315581416e-05
9.541747933917501276e-05
9.192644633290166867e-05
7.027189629218157866e-05
7.215604380790525225e-05
9.186638777779148983e-05
9.569707657388375123e-05
9.759759976719289498e-05
8.690383080137041247e-05
8.377693788045903782e-05
8.684886285244883925e-05
9.117110673005818006e-05
9.591037365204523968e-05
9.942705867252519397e-05
8.614218389271163518e-05
9.684921182669007993e-05
7.872668392666052218e-05
8.986228519128522092e-05
7.325346412825428730e-05
7.181050163290678145e-05
7.928719529285365407e-05
9.621905948422045476e-05
8.725911263299392746e-05
8.658560652183889563e-05
9.039951205408732295e-05
7.395898830907921386e-05
7.417570196036318213e-05
7.158901710523734696e-05
7.228643125588377896e-05
8.258995703150163244e-05
8.047648854445646959e-05
8.381881279579128663e-05
1.031183354397830984e-04
9.685572336485307702e-05
7.935720364299803271e-05
8.561103634171081346e-05
8.319894058823999749e-05
8.161163208816582710e-05
1.068239130606937065e-04
8.964431338775827351e-05
7.763985025654466176e-05
9.780474797949367815e-05
8.905770659878567885e-05
9.269396814120854720e-05
8.477043520372063931e-05
8.898310095720126961e-05
9.857474094086895739e-05
8.473514417196084940e-05
8.143626530770402619e-05
8.483608267234586957e-05
7.770325250481917561e-05
8.561679061700422594e-05
9.370074298572425564e-05
8.740486571103673035e-05
8.742678626797416308e-05
8.165228981484281613e-05
7.805330766716471426e-05
7.536035813596402390e-05
8.033366198236909970e-05
7.912369055863006212e-05
9.577720996086461376e-05
8.387850519177369416e-05
7.508404620497027122e-05
8.300556543115953094e-05
7.075504975604354665e-05
7.587312382568701897e-05
8.251009875853775966e-05
8.117365100643429709e-05
7.786754536209969607e-05
7.857599648339571642e-05
8.241862899332332373e-05
7.318448889738975822e-05
7.897036329715262652e-05
1.083951870613942555e-04
