1.776977292733314950e-01
3.182494619801398139e-01
2.869487499108417938e-01
2.359093781302540327e-01
2.098054761271193336e-01
8.474879016286277489e-01
1.236773850160048260e+00
5.730262756738302432e-01
2.602499291305838680e-01
3.533062761842657995e-01
8.766209161903298908e-01
2.034719069942030778e+00
2.839603503647100791e+00
1.141479053079086370e+01
1.452584647220682612e+01
4.558406246291728969e+00
4.328259387165381278e-01
1.625156054025619634e-01
1.126860452188822304e-01
9.058259272686901287e-02
1.116810659365745639e-01
8.252568841019333745e-02
6.412718156968320871e-02
7.763484322316120678e-02
8.414447228011688595e-02
1.574364946557917644e-01
9.067269739123383632e-01
3.320399619018386872e+00
3.040698430945925068e+00
6.213387002283538019e-01
2.284654634000228279e-01
1.571253332962139204e-01
7.927975958148306135e-02
5.082288204108310892e-02
5.485913692400234271e-02
7.511499173959228226e-02
1.327397156422435998e-01
1.347348729274355228e-01
1.128022945019653556e-01
2.118801634378186804e-01
2.355239959678494088e+00
5.074291312195363446e+00
3.001871957498416066e+00
2.417815160299934263e-01
1.789023797586620779e-01
1.392148222021789283e-01
9.547540164452987532e-02
1.169297769339605053e-01
1.346377894663116082e-01
1.166299942896678044e-01
1.199013585397310372e-01
8.203080916362186226e-02
1.050606030320919565e-01
1.934048504989561990e-01
1.969666912154060423e+00
2.955667304061842859e+00
1.145318617110232529e+00
1.242443697276797432e-01
9.199646619899366773e-02
8.210395527886898970e-02
8.009298110933622816e-02
9.071591943784557133e-02
1.393736689527218797e-01
1.482256862268993003e-01
1.279301992221238693e-01
1.195400869273399308e-01
1.529393983185387829e-01
4.543617920240825003e-01
2.052940515549234846e+00
2.211919206549699979e+00
6.055062125756727198e-01
1.728011574384381022e-01
9.755487553886431351e-02
5.936690533611002629e-02
4.844424093285099736e-02
5.143279844575154858e-02
7.271499091168753814e-02
8.462949134208351543e-02
9.335967200106046193e-02
8.969878381219921482e-02
1.528416546637063889e-01
1.076530211391950820e+00
3.906986678032273730e+00
3.368108924762376333e+00
5.871145212798190016e-01
1.755864321057125643e-01
1.226657392427589616e-01
1.242879102897188753e-01
9.501868680590266902e-02
5.859003658033640899e-02
4.760819152528604492e-02
4.663810927925782224e-02
3.861051092723655209e-02
5.128316066907359638e-02
9.604719902848650459e-02
4.424657214811887340e-01
1.037557203699475572e+00
6.699464888776954785e-01
1.094369348421057320e-01
4.609129339963442817e-02
4.384369833238716679e-02
4.315270136646934263e-02
5.689871402408288453e-02
9.059290544392038791e-02
1.143961150529457516e-01
1.327762050192983212e-01
1.300818479122634597e-01
9.371844051263250597e-02
8.017918775468679815e-02
1.376753011492168000e+00
2.525421233632807461e+00
1.196853682203041114e+00
8.074765209771066210e-02
6.379238289173215504e-02
5.398355035800637969e-02
4.902299386023779154e-02
3.900003453787461577e-02
6.654863475536518247e-02
8.964950377772973322e-02
1.231407029547759158e-01
1.635477892864191374e-01
1.971279665084705035e-01
3.998141523280570597e-01
3.031563552697253083e+00
4.294092907976613915e+00
1.552624337245554154e+00
1.699599566346380319e-01
1.001363678734927820e-01
6.689803498038165985e-02
5.338837363695835003e-02
6.352314212516722847e-02
7.450449117377799801e-02
6.993436855878783220e-02
6.351656254008142266e-02
7.085138421825724897e-02
1.266143004597641564e-01
3.696513401733767523e-01
2.137547130735777401e+00
2.591402371009332573e+00
7.733556922610389517e-01
1.097344660519552206e-01
8.059295304254866787e-02
5.747640865981722136e-02
4.855948085390959790e-02
4.840553000919761706e-02
4.395504667992990860e-02
4.009304563686389572e-02
3.619855425535462023e-02
3.700194713124254492e-02
5.820126883087732572e-02
3.607479668313210430e-01
6.751510571614256495e-01
4.090386307925318876e-01
9.913568396896892121e-02
4.720481371075050531e-02
4.168280356454943936e-02
3.274964242539652598e-02
2.344397458761124028e-02
2.685070532844188035e-02
2.981084206884185295e-02
2.734177505519109694e-02
5.519238236338927517e-02
8.066861908668708503e-02
9.975989904549041609e-02
3.340758847860804126e-01
1.468857274124790724e+00
1.550251801911414651e+00
4.041896034177193675e-01
1.208681327024973551e-01
5.788769806842668231e-02
4.049951541477055800e-02
2.942805904091629066e-02
3.738947063710978264e-02
5.612167609432009568e-02
5.441583525034279084e-02
8.192767898055253184e-02
1.107823375798823173e-01
1.354168873458146127e-01
3.051273955874456156e-01
1.449727753385106954e+00
1.579537242573972877e+00
4.183589851018632011e-01
1.126653720034191397e-01
5.853805700376850385e-02
3.673959600970509026e-02
2.936865451536320448e-02
3.412658795250659433e-02
2.387591665882418321e-02
1.960932486618497186e-02
3.048486615856535464e-02
6.174115903538186789e-02
7.402776046211265171e-02
2.900507060646427271e-01
1.541776249608449945e+00
1.760235622275587719e+00
5.683723385270040840e-01
2.411194737296665225e-01
9.225624481754166051e-02
5.160118442184478960e-02
4.364297335678633816e-02
4.329233817441598131e-02
3.664608875494388546e-02
2.698100689179341871e-02
2.440092550661563872e-02
4.321424867262183694e-02
8.472590182435030259e-02
1.349414314003090642e-01
1.738442700215664383e-01
2.042706616773527217e-01
7.566286657281717787e-02
2.622384024628766561e-02
1.591645038400575987e-02
1.899078596952330500e-02
1.992736844672659408e-02
3.218877781029304275e-02
3.442045978759007696e-02
3.678302149493037354e-02
5.431460623997677595e-02
6.607637582735910453e-02
1.075895371447467413e-01
1.221036560301253793e-01
2.677535279555233183e-01
5.195957996494157127e-01
3.243702300889053092e-01
4.458714612158849733e-02
2.263130764359861866e-02
2.677674224501218683e-02
2.336574900018751136e-02
1.867550477104916798e-02
1.958331022618016101e-02
2.086561291526876222e-02
3.024288598829643140e-02
3.972074673691285140e-02
1.214764536919532845e-01
1.913462947755678878e-01
2.509130293266397804e-01
6.210791943216568134e-01
4.361800247345732351e-01
6.945945220075690207e-02
4.251692971407223381e-02
3.402733399990552632e-02
2.360116740633910748e-02
2.429019555134612901e-02
2.847441553636165246e-02
3.119817383541274858e-02
3.260705844824641347e-02
4.587509314416288869e-02
5.053408785160319605e-02
4.968548683809904248e-02
9.457040314524985114e-02
4.176346545854592307e-01
4.415666742824951307e-01
1.171468934987423410e-01
3.218396697626957348e-02
2.342405537171807217e-02
2.084514286941771544e-02
1.772921785063285779e-02
1.795107755196737390e-02
1.875204443128601975e-02
1.979836533853914990e-02
3.386261906479474948e-02
7.099632029892920249e-02
7.429826032629661958e-02
3.630627984434639521e-02
1.472844639851074999e-01
2.414991675543348704e-01
1.126185869225104913e-01
3.047637090106366728e-02
2.884846552007363368e-02
2.781570941409266737e-02
2.174385378148562670e-02
2.358217862809570617e-02
3.076431701728851373e-02
2.303403507649976617e-02
1.742459799779131832e-02
2.881778406680280194e-02
3.909489924213135209e-02
4.558001779247186636e-02
1.374618219848376954e-01
4.507046008242702184e-01
3.688889554722677433e-01
6.644121610709058379e-02
4.372932694414456006e-02
3.345557547573190654e-02
1.784080408739146043e-02
1.794776634760285317e-02
1.975782699848804835e-02
1.762727074202888669e-02
1.753710422518770309e-02
3.056728724699729269e-02
2.837410815173020684e-02
1.593742122202694567e-02
2.995492810267022174e-02
2.105266580954938405e-01
3.187554468318609668e-01
1.337525042347123827e-01
2.479339518095930936e-02
1.946607454289837544e-02
1.604245187854093715e-02
1.691383154250193296e-02
1.654411231115945902e-02
1.818259653836920564e-02
2.263782899913698368e-02
2.045460138908894790e-02
1.709941168536658826e-02
1.975596750001709992e-02
2.408884841623689169e-02
3.741276581972249882e-02
9.835415582085095532e-02
8.542424256241483438e-02
2.670143805792128330e-02
1.788993739718969245e-02
1.899655808814652500e-02
2.141982950331409313e-02
1.979396858590860495e-02
1.897372592132931524e-02
1.786389097053696362e-02
2.025853835334913075e-02
2.204382610556840372e-02
1.851682958319741945e-02
1.605399240586762380e-02
1.595980010026051832e-02
3.374163722072320848e-02
5.308258176380383636e-02
3.650181914434033614e-02
1.989825781917364117e-02
1.487877041617872813e-02
1.179963691162949982e-02
1.025465462394097374e-02
1.311797704789033868e-02
1.555297358731118698e-02
1.826211652184580453e-02
1.699685043547979890e-02
1.519987085202935753e-02
1.789191902133819081e-02
1.875187196388639760e-02
2.969486063680271473e-02
6.163714891302953663e-02
8.110590408650872329e-02
4.027956536271688759e-02
1.835114278676895291e-02
1.582027369613511411e-02
1.529050394733474059e-02
1.697509033930287570e-02
2.037953689739325364e-02
2.906268953936832350e-02
2.410053220803724458e-02
1.968469116459687501e-02
1.937776270818019828e-02
1.949414120170400028e-02
2.028812489296321145e-02
3.023350738114422703e-02
1.658310286963339264e-01
2.260399674667643577e-01
8.369851191422114645e-02
2.171507248025944872e-02
2.353771151717862220e-02
1.687262052454245598e-02
1.785039839994610050e-02
1.817906252621759658e-02
1.796928220217770128e-02
1.654929044819248088e-02
1.817688730908089551e-02
1.674633237451086595e-02
2.516677771718876452e-02
2.379599906889264330e-02
3.198190530011384147e-02
9.831022121821121618e-02
1.391608606226818756e-01
6.190980539062689719e-02
3.188427775031318218e-02
2.480775643266811339e-02
2.476612452893805355e-02
3.463393551327251241e-02
3.068598280706534565e-02
1.509851848949296006e-02
9.648729748586829663e-03
8.351340933793338292e-03
8.125667742442180264e-03
6.964551500042189328e-03
1.390282212619045783e-02
2.135678533339170626e-02
2.859272579365150849e-02
2.754055231743543844e-02
1.822803544236876669e-02
2.147790669698444732e-02
2.103585954299060437e-02
1.110706429008369474e-02
9.298011879375657485e-03
1.619879632775969580e-02
1.938563198989554440e-02
1.923561225690541970e-02
1.636620823956367460e-02
1.526542735658203455e-02
1.973816741870194555e-02
3.070402043861033062e-02
4.336432344151337770e-02
1.025120059352033069e-01
1.721121737592195555e-01
9.180368302231919908e-02
3.820095768803864755e-02
2.755085624450894638e-02
1.866043012208345661e-02
1.693699105684795189e-02
1.557816817228383291e-02
1.669854214987509522e-02
1.537434290647815560e-02
1.194801043942874709e-02
1.766189060862057014e-02
1.869386769659897238e-02
2.895882162972134022e-02
4.586655039306808401e-02
1.137445605282069727e-01
2.204466103193297999e-01
1.481231557862465742e-01
6.768298090580404658e-02
5.206750407811765874e-02
2.645822923290611431e-02
2.515864764710235013e-02
1.576902191348616630e-02
1.279272497739495848e-02
1.557997815272220421e-02
2.183401535761098772e-02
3.208159763238499496e-02
2.442407050996076023e-02
2.457904612622593271e-02
2.229136497280306134e-02
4.536155534656628047e-02
1.145876308507536578e-01
1.000988734183595186e-01
4.215593284323547463e-02
2.939116343207709772e-02
2.704945859359483840e-02
2.502636739535373314e-02
2.243157976869617626e-02
2.050961716701055898e-02
2.103177287028154888e-02
2.168280226697720872e-02
2.658477634285170282e-02
2.863400382439960576e-02
2.969248118867785433e-02
2.660878681544171648e-02
2.812814944916677828e-02
4.368059156864816106e-02
3.277413280582867211e-02
3.321262294655719788e-02
3.110911545296377728e-02
2.011885058368681131e-02
1.837114439297621304e-02
1.196455009251397132e-02
1.115862070304969415e-02
1.702256316258790939e-02
1.765464365164121086e-02
1.532393167347125343e-02
1.888713790424923281e-02
2.520604566810204575e-02
3.199254201015200305e-02
3.627704674777187943e-02
3.619591707723111840e-02
9.485148835447536342e-02
1.025704846714287494e-01
3.360145489434385180e-02
1.608066299778679667e-02
1.764036073713884031e-02
1.868475452235429310e-02
2.081436892813058603e-02
1.820582151385507705e-02
1.508518765662388884e-02
1.193106944610179687e-02
1.144482737163423150e-02
1.431174514737591427e-02
2.127235599636620803e-02
2.853037058973533630e-02
3.194937583941895309e-02
2.419481557563219962e-02
4.023413207057741775e-02
3.776781444307865387e-02
1.861721798464119337e-02
1.187473173162507077e-02
8.521867223185684154e-03
7.665126152818566366e-03
6.222144271503816590e-03
4.648803196055276143e-03
7.349962792380725952e-03
1.070424135200520599e-02
1.355050595086084581e-02
1.605018774237445753e-02
1.366680284960510201e-02
1.108839464928471248e-02
1.485122358871070712e-02
2.320451841469745730e-02
3.080662868232858162e-02
2.712876761623460656e-02
1.971798311670576800e-02
1.679896226038972429e-02
1.578956521324188442e-02
1.670829182889294745e-02
1.924969611021679072e-02
1.946993051994205456e-02
1.725113986353910001e-02
1.531624941353255248e-02
1.851690477465892104e-02
2.094774735049892422e-02
1.891075025273259574e-02
1.645807204548130342e-02
1.680662874947230073e-02
1.886816675051470119e-02
3.302078368936309238e-02
2.895475704913133205e-02
1.435471196219522370e-02
1.247166456460665693e-02
1.460324125595710565e-02
1.785530968977112540e-02
1.698954635418285439e-02
1.607785266962578549e-02
1.946824475767505030e-02
1.844755004593284092e-02
1.432338710030468636e-02
1.742404076798282492e-02
1.958587188698712733e-02
2.126442803073744572e-02
2.837530913183678935e-02
5.326066403584085035e-02
1.037120339040865091e-01
7.625472515196587975e-02
3.048499537494338621e-02
1.839637075785833728e-02
1.428556287078829728e-02
1.197662167043309252e-02
1.300818676020790328e-02
1.508578836615151464e-02
1.158154889986537893e-02
8.502952562859671451e-03
1.287919484586993318e-02
1.707485568554541547e-02
2.176543079941995612e-02
2.328949951009111341e-02
2.415922780657442370e-02
7.479296944279840986e-02
2.128987859510699243e-01
2.049293244764024413e-01
6.208677102697971600e-02
3.059297642425218636e-02
2.589607627146829280e-02
3.210401296889937861e-02
3.217792620923544400e-02
2.635915318612902514e-02
2.371605244465910950e-02
2.863188034699921947e-02
3.427962517886894850e-02
3.301778882712175234e-02
2.770746427735399850e-02
3.299819741926762057e-02
3.449134448626309246e-02
4.902032159742144429e-02
8.056397180502504474e-02
8.393176832635033946e-02
3.485074681022116289e-02
2.334150315908620557e-02
1.938698381446801386e-02
1.763141463300005665e-02
1.298547953533613075e-02
1.311688633911046488e-02
1.749746434317957233e-02
1.758338794148555859e-02
1.373128274639875447e-02
1.295993037518721608e-02
2.681793511113719081e-02
4.162602897490230019e-02
3.986126797613243761e-02
4.908939812339328801e-02
1.087126584688082737e-01
2.081236259469171068e-01
1.540120586147920301e-01
5.183194666182835281e-02
3.636284289631789429e-02
2.453094999938847109e-02
3.114892615463788622e-02
2.877755036648045606e-02
3.238377102681433417e-02
2.744319554483778262e-02
1.255646625323875339e-02
1.628609797761722960e-02
1.676540389776873599e-02
1.264656726879125406e-02
1.794920033645221180e-02
2.296695152802227108e-02
2.642369156518538723e-02
9.242919681047788438e-02
1.253226456888834606e-01
6.510647055383886328e-02
3.508381194578012036e-02
3.263165720728292835e-02
2.102952877880720148e-02
2.410360514176561331e-02
3.689821491532652153e-02
3.265668676156328887e-02
1.675896487230921564e-02
1.817099911825411501e-02
1.448135075922776793e-02
2.671248247965295544e-02
4.298926967342080879e-02
6.973316780816740668e-02
5.629397468241923580e-02
8.457360698078809913e-02
2.479204806030486097e-01
2.645226758746976881e-01
8.631132589803343358e-02
2.330678105629289260e-02
2.744818692619941519e-02
2.461405809722827867e-02
1.459741615679562357e-02
1.250670123603170661e-02
1.582600440754567891e-02
8.305426950479918163e-03
1.019984179756576979e-02
1.183613439647959731e-02
8.844783258150166333e-03
7.163375657136623366e-03
1.949061963538271935e-02
3.174102154528955777e-02
5.161209761392034773e-02
1.038030446508201171e-01
6.975721514827770697e-02
1.823388653906120316e-02
1.040368227780778809e-02
6.740627505916599316e-03
7.141069528802090546e-03
8.090226360218730553e-03
7.897516121835633854e-03
1.286680370100647466e-02
2.278981350815008702e-02
3.027460128495974151e-02
1.839474741825457282e-02
1.128296326643792383e-02
9.188639821061769103e-03
9.279201539695068959e-03
2.234468652114922002e-02
4.530928123262409346e-02
7.795306416888819756e-02
6.511216000030792261e-02
2.996331904673551344e-02
2.673691260340305478e-02
2.040704750736850592e-02
1.856359745375109338e-02
1.186434838902554814e-02
9.216762955439491284e-03
1.341203284312007978e-02
1.356724516780903785e-02
8.704126592786007310e-03
1.157593524418830573e-02
1.944817820024575053e-02
2.459117741752240779e-02
2.372711979212955777e-02
1.942823675986895746e-02
2.432189176417125231e-02
2.660851520192674194e-02
4.183106016073556699e-02
5.017805053496723899e-02
5.158862062447645835e-02
3.700435101771364782e-02
2.575466960750593878e-02
1.990778420697532011e-02
1.831440485519840455e-02
2.366621629297219545e-02
2.432991348307332949e-02
2.007770274936605467e-02
1.178058200485206271e-02
1.046211896791443725e-02
1.628424565454422365e-02
1.851740873419692110e-02
2.776741451551369144e-02
3.853021229366541262e-02
7.185787411972699434e-02
7.277969465692837869e-02
2.654587948964170704e-02
1.515765554022077341e-02
1.415592251513648168e-02
1.583833667106958332e-02
1.508137247680435208e-02
1.054308762615194586e-02
1.005631075012147248e-02
1.372523003969247819e-02
1.282505236237302566e-02
1.107187650794149401e-02
2.105991920237865536e-02
2.615791329729627926e-02
2.007069728626323726e-02
2.375504033066389714e-02
4.694755438933580216e-02
6.434598813016173535e-02
8.358650220094461514e-02
9.703859824713112481e-02
5.619294951435212238e-02
1.839561564891101231e-02
2.110935102967282859e-02
1.540132947755369977e-02
1.936664769677562403e-02
1.742692584023058239e-02
1.189218798281841891e-02
8.415863115583063075e-03
1.106054516612799306e-02
1.379661148967477498e-02
1.391151649363189108e-02
9.507278394622165757e-03
1.454359751781839766e-02
3.122206615076733929e-02
3.196938391212601760e-02
4.620386577599878281e-02
9.038380574712161220e-02
6.730830880504415359e-02
2.782989994035789741e-02
2.163594094527537814e-02
1.275463171702101439e-02
1.702945867709639710e-02
1.809771551286221830e-02
1.871924608587549610e-02
2.486047665276092458e-02
3.803394102671690119e-02
3.601062409126627728e-02
2.626622957276207246e-02
2.331969334130196830e-02
2.353449658087842025e-02
1.883024461095200025e-02
2.250667482847899456e-02
5.905192480437019414e-02
1.767055599592011750e-01
3.026991547130638560e-01
2.057652410921091968e-01
5.369806261915859025e-02
3.140571343731068943e-02
3.463351209167700451e-02
2.833022499529577395e-02
1.877585998823634583e-02
1.603177746091313458e-02
1.275044662054056893e-02
1.748576404861766631e-02
1.552562382718460782e-02
9.786774371827027322e-03
1.661321393698982074e-02
2.035286802904155007e-02
1.544202377865403798e-02
9.921877559673164537e-03
1.956242394331351997e-02
3.045902533403607726e-02
3.374587769113622515e-02
2.403683930453691733e-02
1.261948216408606029e-02
1.022260904980214387e-02
1.095988363454103616e-02
1.047975994286096287e-02
7.962718061174378636e-03
4.494500327215414717e-03
8.209051109336182664e-03
1.529582831408006147e-02
1.751562625523341715e-02
1.199346000855696856e-02
1.652354934864436187e-02
2.943897995980651605e-02
3.450794022330534727e-02
2.502380777681400409e-02
1.501585487077619976e-02
4.651746813602258834e-02
1.013309691327129725e-01
7.723340959724027399e-02
2.562010624902169575e-02
2.445501339279468681e-02
1.361445914552931666e-02
8.713411829679440501e-03
6.549935714516991365e-03
9.375939469809180943e-03
1.146765907679135089e-02
1.186226736859081164e-02
1.861581290048769030e-02
2.487117966531496999e-02
2.101417183128584734e-02
1.294937327200120121e-02
9.546375971223297272e-03
1.670980714684835999e-02
2.330626928030513426e-02
3.816863337147154145e-02
6.761460256610220265e-02
4.616190063158861351e-02
1.754901492444108438e-02
1.177073612172315625e-02
1.100088255512996459e-02
8.865372324567926191e-03
5.942441812537408580e-03
3.882547048386545286e-03
5.182912522968155349e-03
6.668780602904377484e-03
5.972858783051109358e-03
6.337067948782660123e-03
7.885439035894441229e-03
1.206910444262273251e-02
1.239607795093530980e-02
1.241500473467915637e-02
1.354235893487118654e-02
3.234837738264252638e-02
9.605116446962792820e-02
1.252460634274775719e-01
6.843514115000426390e-02
2.684411245630210011e-02
1.685947063193111994e-02
1.689987271934232163e-02
1.011864873312269542e-02
1.421424283477752855e-02
1.251294770432772978e-02
5.572886275768229418e-03
8.097601410143298942e-03
9.815427680664077018e-03
1.026912650899350528e-02
1.069237592923937344e-02
1.027979348350212437e-02
9.177680934976823954e-03
9.694901456030902837e-03
9.852338795487903395e-03
8.848112354425986814e-03
9.097833851568934774e-03
8.658492067626949451e-03
7.281343400250283454e-03
7.245155772401991844e-03
6.972474159385954294e-03
7.363902768685550403e-03
1.115240866007500241e-02
1.304318733251652769e-02
1.035150871106975921e-02
6.015408871845922580e-03
1.068433407861152720e-02
1.501042520011989199e-02
1.565295642600821394e-02
1.292885624778024496e-02
8.778486099682288740e-03
7.687220276456457370e-03
1.035206293516138798e-02
1.153600578116162866e-02
1.076568895759000104e-02
9.035908326018164335e-03
8.193743446528336735e-03
9.920595717604325722e-03
1.246514741429324141e-02
1.379364830559642874e-02
1.239743270176873677e-02
8.623650644844630883e-03
5.894549610050008569e-03
8.006114125175104596e-03
9.019091832731454886e-03
8.498873857948008315e-03
7.905702214594596128e-03
6.873470977016309449e-03
7.543875198156971967e-03
1.103331899022972663e-02
1.180169551914990456e-02
7.905492546225637712e-03
8.253313505920876342e-03
1.449639996213014648e-02
1.647243703190871475e-02
1.265072188624038856e-02
6.775629411317399438e-03
9.359573997751292548e-03
1.111460606896636644e-02
8.933208554429758821e-03
5.719796991659233110e-03
5.247020639018796888e-03
5.358091502705680624e-03
4.292080851696021201e-03
3.411378821902056897e-03
4.112830878890629156e-03
4.144481499141416773e-03
2.845509420829351807e-03
1.335983001223330253e-03
1.518113097487813366e-03
1.452856086860831878e-03
9.648527824793812950e-04
4.693109148513615139e-04
2.362772501315473525e-04
2.195972431572995847e-04
1.632986236655584948e-04
1.240479715865402933e-04
8.623676240303719239e-05
9.904643161717795218e-05
1.100250999758706856e-04
1.206743458899791515e-04
1.091274477297570785e-04
8.848674767728001238e-05
9.083823662182905065e-05
1.051407691839087184e-04
1.060202843855608814e-04
9.173461875946736907e-05
8.751097796686484632e-05
8.836055032341655823e-05
8.641489940467591527e-05
9.596715025260533160e-05
9.481471973954120420e-05
9.751587364885900340e-05
1.074395023501823387e-04
1.038104149857646481e-04
1.021595373718263807e-04
1.025829068981367351e-04
1.018250818018169021e-04
1.109492891535761349e-04
1.028581773254187226e-04
1.088362996219447131e-04
9.481929120819765323e-05
8.719267377088038475e-05
8.021556439858945923e-05
9.977150654209250905e-05
1.020118303113094906e-04
9.190049291814343354e-05
9.087506764404306315e-05
1.006223828992483727e-04
9.770230460819246396e-05
8.767608911673323128e-05
9.028136902992270720e-05
9.762330498004552796e-05
1.153099627135029413e-04
1.016557993571559219e-04
1.059455164165827172e-04
1.181229428375407388e-04
1.001073382634330201e-04
8.523282216093674285e-05
1.007599196316155715e-04
9.937428961789704840e-05
9.382477171948524607e-05
9.175547365657466046e-05
9.361628315559165860e-05
9.324656579075354414e-05
9.182046177012877903e-05
8.965370048746243165e-05
8.888086742503451367e-05
8.487699599241180085e-05
1.001152845315864695e-04
1.002164301461142476e-04
9.705000772179481628e-05
9.902203671122393328e-05
9.976335622101245863e-05
9.038813217400099476e-05
9.989307081713588807e-05
9.665663306586973647e-05
9.370987891483554459e-05
9.433955131596013491e-05
1.038914420283729417e-04
1.076779780102641568e-04
1.005161258115848215e-04
1.150808317225712974e-04
1.137520514351825744e-04
1.162433937254997722e-04
1.056516353758543420e-04
1.018983305286861191e-04
1.054699758337437828e-04
1.085542934875285823e-04
1.062095820406951265e-04
1.026763696153149214e-04
9.334392982292928154e-05
1.087111483326951223e-04
1.079000870776271255e-04
1.109856975443910453e-04
1.005206930544913393e-04
9.933651646521769166e-05
9.285167835579851770e-05
1.012616231626402828e-04
1.042433141329027934e-04
8.761988194419477439e-05
1.029909258666609963e-04
1.210123126350264277e-04
1.152271290500300613e-04
9.535583924495673032e-05
1.053744334652400449e-04
1.130034594883623863e-04
1.080911986032053661e-04
1.028666461327344618e-04
9.641354880879976963e-05
8.021582143394171728e-05
9.806238269365013637e-05
1.106536132326093583e-04
1.024368678001660296e-04
1.033880648685250007e-04
9.340028369803374069e-05
8.987472113604713132e-05
1.000479152568583120e-04
1.036113300520841141e-04
1.026666821065092651e-04
1.098499646434948689e-04
9.347318154139558181e-05
9.758720483969566054e-05
1.011769398617977719e-04
9.875779222572499334e-05
9.154855557275031939e-05
1.044604142597881883e-04
1.090357442825945966e-04
1.033254312688099748e-04
1.104251651165011068e-04
1.092453543227290636e-04
1.063878217265660874e-04
1.126747696058881586e-04
8.938600773440353209e-05
1.015409870104890802e-04
1.079029280363784555e-04
8.819539270750501546e-05
9.112529081698673614e-05
8.421286791209126206e-05
9.323403069349595800e-05
1.138395817018500515e-04
1.118040757243984472e-04
9.569899000505545080e-05
9.057618361770577878e-05
8.623048044508155210e-05
7.973736468527188874e-05
9.068637869347205332e-05
8.699405681759504977e-05
9.030028234640398747e-05
1.044848247076729189e-04
1.093920095054736234e-04
8.848151291914710566e-05
7.327121379312470726e-05
8.519831370664411011e-05
9.261410477036251569e-05
1.100605992617058912e-04
1.100267432178309132e-04
1.097172566542495769e-04
1.148654087396058608e-04
9.989033924596794065e-05
9.953949397089693885e-05
1.040296119581405503e-04
8.861496309828161564e-05
