1.188581312634614390e-01
1.769696945510408626e-01
1.674887895721060560e-01
2.455939072126108458e-01
2.693513268073566280e-01
8.836072599258641969e-01
1.223351561996753212e+00
6.255702780500581595e-01
5.964072292480937065e+00
1.350342944715838556e+01
8.833202788119230320e+00
3.117413270500465572e+00
6.985267621653585834e-01
3.624416396152644326e-01
3.086469879572777963e-01
4.945112175818651701e-01
5.296337362187861775e-01
4.499864613793871371e+00
1.209705785796281141e+01
8.167252283385135314e+00
8.799577877333933928e-01
4.923484178618511842e-01
2.013454334436515503e-01
2.285694782802939751e-01
1.228922604936716761e-01
1.606465987020604669e-01
1.113923469214969320e+00
3.363318314095506523e+00
2.651639639173194674e+00
3.950001888062982802e-01
1.454742330465568501e-01
1.322978069953925917e-01
6.917746996157828065e-02
5.332452969697070583e-02
9.210076294471682135e-02
2.366905278607819019e-01
8.197774936382874467e-01
7.210126784139750944e-01
1.637240384003688654e-01
1.086016184502050369e-01
2.437133762484014476e-01
3.199326983111204781e-01
1.569556604595703231e-01
1.146431869654366414e-01
2.992271672713792685e-01
1.169982903919296380e+00
1.169834004752521972e+00
2.599981697281327775e-01
8.502498957935152035e-02
1.025830046114584448e-01
1.253359295387177219e-01
1.336652179072616298e-01
1.975128635531261667e-01
7.459538808591537062e-01
4.274270914191529158e+00
4.786628329349714939e+00
1.233581049744706171e+00
2.155799947088875290e-01
1.101232664362005453e-01
1.005900160744989252e-01
1.331999719014707872e-01
2.107239209555559212e-01
6.864481191847944253e-01
5.432892835894086225e+00
7.172528164734733203e+00
2.345759867778578478e+00
2.892017578725520899e-01
1.186728947262138956e-01
8.037667458626730765e-02
7.185748042418417525e-02
7.472968930510447139e-02
1.649337482857650139e-01
1.833778416199422168e+00
2.768215287123951818e+00
1.065984075660005637e+00
1.151320403055106495e-01
5.082871552232672702e-02
5.423505510967900622e-02
5.843263447443582809e-02
6.081629142336408139e-02
8.044213446590890715e-02
3.262561761213226275e-01
5.276401359396675206e-01
2.324970605835809390e-01
8.833705439251841873e-02
8.665011111568252100e-02
1.004965965638756897e-01
1.327440033433071320e-01
1.686980653812202580e-01
1.525829158552281239e-01
4.879167217765368880e-01
1.080916806943711839e+00
6.530559676671823244e-01
9.993565920271289815e-02
5.519512420301352779e-02
5.147758204002111232e-02
5.735934772753813193e-02
8.029705287813693193e-02
1.851486633619610633e-01
1.239011070330771069e+00
2.969522904009552988e+00
1.945714686733682308e+00
2.413926418434429177e-01
1.272481217420105282e-01
7.447813110512846446e-02
3.821933480860342097e-02
4.969017363331541814e-02
8.046171165954239812e-02
2.970083910728922860e-01
9.710716962742108604e-01
8.740147430679409135e-01
3.285216931249232419e-01
2.427512562114700623e-01
1.649067139565716378e-01
1.235337662874637366e-01
1.248599886861900404e-01
1.458703212352998879e-01
1.228953683771084382e+00
3.824414631883596982e+00
2.965355094109464407e+00
4.256362731531082577e-01
1.325732773897848327e-01
1.085203186457067148e-01
7.876918189419844507e-02
7.056564661816482065e-02
8.077882005703561352e-02
2.925502391777865530e-01
2.069411898657260274e+00
2.629208167766044824e+00
8.205385968616595305e-01
9.598166809766403573e-02
5.257832652276712287e-02
3.543429339629335789e-02
5.110471793970770837e-02
6.004016883650375308e-02
1.092305701018306680e-01
1.249159921197183776e+00
1.981507167664575020e+00
8.255714522383961196e-01
1.031367799991714240e-01
6.445589900359147140e-02
5.749391548451974338e-02
7.050173756827494975e-02
8.192008782899830310e-02
1.171857455504178025e-01
1.147175651996779955e+00
2.464827731102194441e+00
1.399494863849471749e+00
9.343523348933938100e-02
4.162580892575791502e-02
2.671481702587931092e-02
3.272207583735963626e-02
3.316633744438111930e-02
3.057159451593269642e-02
5.137248993495429489e-02
8.245272969947045616e-02
6.676724655375457229e-02
3.400765492217344005e-02
2.182969095255935660e-02
2.121595137016329263e-02
2.506370490039359217e-02
2.468964324645306352e-02
2.907405929705426245e-02
1.149235469994184661e-01
1.919283589914686505e-01
1.167012578012194685e-01
3.829904428034607705e-02
3.790992656109679060e-02
4.042493740052527373e-02
3.805418088655591197e-02
3.538755524761696275e-02
3.256666905778540094e-02
9.729278897715784580e-02
5.211466321960428472e-01
6.971744183211386892e-01
2.481191899014135727e-01
3.458226621215672314e-02
2.784487359801445308e-02
2.772506416395601955e-02
2.804970438987628920e-02
2.938692182662336685e-02
5.034672704066793514e-02
4.566952808616420723e-01
8.741057559336508076e-01
4.634337355710121953e-01
4.480189300244726697e-02
2.700489965877880122e-02
2.374967266979310584e-02
1.911250682917750923e-02
1.613515577543896129e-02
2.923228423226792091e-02
9.529617169491309825e-02
1.870695039283761796e-01
1.312525884754266736e-01
5.073714566184350794e-02
4.293005180694211415e-02
4.268670839442813281e-02
3.055529824072778997e-02
3.266608588439837146e-02
8.287490853051801554e-02
2.592496953830192852e-01
2.259965985122947552e-01
6.608999242025695442e-02
3.079503863960415463e-02
2.011465875676658049e-02
2.133721913109495882e-02
2.296176234197501442e-02
2.246777975170382788e-02
2.478918324158951858e-02
3.931068506904925736e-02
1.591127790086147575e-01
2.597996025638495965e-01
1.191145738887717381e-01
1.942773063653908949e-02
2.061396044085667817e-02
2.028535869406178360e-02
2.142710160132528865e-02
3.960250566483405898e-02
1.243672962380261288e-01
2.143052655039484056e-01
3.662140541883875389e-01
2.579575452805417668e-01
5.204662066721153085e-02
3.783700545692890438e-02
3.416748467492546765e-02
3.005976424327448659e-02
2.461386445819013433e-02
2.674732592853069565e-02
5.427771521784792441e-02
2.550713141801347339e-01
2.929784742992491142e-01
9.144846395387953852e-02
3.124576907624113456e-02
3.117925742389030322e-02
2.284859594546641975e-02
2.652528660365637697e-02
5.992601421936756545e-02
1.044241089647073295e-01
9.844515337698162005e-02
1.366750888339728909e-01
6.407982330825096051e-02
1.880040240692579939e-02
2.227167288382209467e-02
2.306402113724832781e-02
2.132634041748114606e-02
2.182347835367403482e-02
4.066230334486712478e-02
3.135441830979820987e-02
2.384998541887727724e-02
2.100268667598018460e-02
2.542496590730897177e-02
2.538549790041844112e-02
2.477453872292473616e-02
2.185013915061824810e-02
2.380521268929077991e-02
3.063443546152445907e-02
4.061707311475312027e-02
1.451874382601723301e-01
1.718211878326026953e-01
5.990648105201203805e-02
1.693959481558771421e-02
1.257799505026004072e-02
1.975003239805413896e-02
2.576576664685550910e-02
3.423334107623636491e-02
3.894484176463522407e-02
1.700964670334700057e-01
3.582434827263302757e-01
2.354467239963560776e-01
4.784914898264297500e-02
3.180202040819960635e-02
2.875986089816627567e-02
3.446148535546814801e-02
5.484980016467304320e-02
6.589427320585516945e-02
3.860869629292298932e-02
6.330303063254939799e-02
6.200371978386600563e-02
2.422764641884311149e-02
1.257078029479833346e-02
1.215630799042777092e-02
9.293778769981192456e-03
1.554897287417434000e-02
2.121906237055465327e-02
1.341078744873383001e-02
1.709470809511426381e-02
2.476199553189722957e-02
2.063100962335392280e-02
1.646514187142661748e-02
1.486708976084356523e-02
2.061448898267928195e-02
2.732042514990541335e-02
3.745298106690983508e-02
2.561682293328577248e-02
2.215457433571003595e-02
5.085775510744356548e-02
4.705112964192154079e-02
1.980108966689127920e-02
1.803189734604060054e-02
1.740034303189846865e-02
1.840016946844775028e-02
4.692428528970726820e-02
4.157630280201373568e-02
3.116276218292264935e-02
5.182754044640027619e-02
7.296308674162768626e-02
4.673714014625024449e-02
2.003015282090108914e-02
1.574429862945924546e-02
1.044594438693342495e-02
1.339937957795805934e-02
1.354609408945181212e-02
1.467659708261334975e-02
2.965478331430588393e-02
6.945527604906287511e-02
7.527405516500620952e-02
3.889101598221491457e-02
3.079485995538348495e-02
2.893096016151858185e-02
1.086883643402666855e-01
1.453171540170133946e-01
5.358065637989012364e-02
1.900566344467356089e-02
2.216333767318847195e-02
5.065230343977455973e-02
4.976743765097305094e-02
2.432352462660946485e-02
1.803657497783035107e-02
1.529693034192777280e-02
1.703958231202619064e-02
1.510468369706740276e-02
1.634595403741563244e-02
2.507640049025268436e-02
3.451837291915325207e-02
3.371517451525403442e-02
2.465647271924497133e-02
3.046463959254716927e-02
1.424738445277919929e-01
3.837216728071185523e-01
2.971318735308606240e-01
5.935118232555259415e-02
3.092553558606653263e-02
2.854362209675649631e-02
5.254963641439861638e-02
5.111474330419129436e-02
2.285390595044326303e-02
1.517782627638044127e-02
2.361620052191932412e-02
2.599765329409878603e-02
1.349800816247195140e-02
9.896086078304397807e-03
1.202170459813361493e-02
1.666368783235870968e-02
3.133829491725934058e-02
2.838909316278157707e-02
1.870440540919419622e-02
1.717033216755627437e-02
1.794557531128348343e-02
1.326867956667482362e-02
1.208219948438906538e-02
1.197571461700293674e-02
9.722670830413638124e-03
7.837545554893594196e-03
1.065283834735170597e-02
1.307576354745764759e-02
1.700593858181112875e-02
2.879572905278353703e-02
2.103254865699926562e-02
1.470296578340839905e-02
1.256162124161075248e-02
1.641413000622033574e-02
1.646757311345775979e-02
1.366202187575435260e-02
1.731974087611743221e-02
1.698621347274891641e-02
1.773181345173355586e-02
1.300068870762701063e-02
1.043226374250694720e-02
1.184773934923618287e-02
1.127497342784447056e-02
1.140696985944935141e-02
1.622296831665159117e-02
1.942391694729822538e-02
1.193590469497536610e-02
9.426577525647667974e-03
9.826370918744952582e-03
9.119958570994613628e-03
8.758691382496287120e-03
1.048119451475958662e-02
1.203648491938283556e-02
1.650741390959679922e-02
2.611833371560841333e-02
2.223759971154262369e-02
2.226496381079141537e-02
2.205415091316969070e-02
2.014169445228630381e-02
1.865198946399793112e-02
1.888443015657875410e-02
1.882848216902512084e-02
2.016615373577252193e-02
2.098366871454934030e-02
3.090594715274673845e-02
3.126476584729941804e-02
1.775637158718774630e-02
1.622033577075717228e-02
1.346506233536296643e-02
1.186665050832200717e-02
1.178861953130452313e-02
1.215834651865487122e-02
1.243179058577844123e-02
1.278434397391573808e-02
1.570090989798002268e-02
1.348077762528512857e-02
1.632054793094123851e-02
1.539488509859234314e-02
1.344861062509583594e-02
1.291988521161825144e-02
1.289533924350012850e-02
1.358751010427961155e-02
1.304300588147982651e-02
1.399259074506879232e-02
2.626919037589304368e-02
3.462160711148182940e-02
2.620410598855392112e-02
1.821791261435098258e-02
1.686558277221136479e-02
1.448899436724264064e-02
1.458035841894088011e-02
1.662913453625092589e-02
1.745657629202106501e-02
1.631218574115289935e-02
1.700197922785793431e-02
1.334936312967540534e-02
9.126494880483065550e-03
9.973064118268634703e-03
1.114668883183570457e-02
1.131947941488091816e-02
1.310887535670263518e-02
1.158988944961687230e-02
2.637591511782630405e-02
3.891021849417410777e-02
3.045045841783908594e-02
2.876417500919598719e-02
2.425437817568892526e-02
2.315642972124153792e-02
1.875982620199980258e-02
1.564686503438042497e-02
1.142266779236213517e-02
9.501099390110961593e-03
1.330522013972578778e-02
1.873270476541742321e-02
2.105542142643453823e-02
2.921882347583797807e-02
1.836279830855382100e-02
9.031065356887767182e-03
8.159049124566398678e-03
6.587623973332877754e-03
8.746038280687982655e-03
1.039042864811717121e-02
1.059041258629991357e-02
1.045607475832460720e-02
1.012658358854701991e-02
1.013461973573463737e-02
8.546785079145347713e-03
9.240622309512443872e-03
8.354639924154040262e-03
9.480692619901778112e-03
9.468634948832424167e-03
7.337160005645608669e-03
6.773509745457986612e-03
8.879375669653896685e-03
1.348352523432629416e-02
1.337030847293401749e-02
9.969149185812660463e-03
8.639324279290200650e-03
8.329134780290028961e-03
6.411849274264214485e-03
6.502350882560055043e-03
8.274434045591564160e-03
7.366365498811825764e-03
6.598765259042330480e-03
1.104158940446279061e-02
1.271604902394148605e-02
1.105715267966356219e-02
8.051639782761733227e-03
5.320941816972079436e-03
5.855749370170876961e-03
5.710128775038137913e-03
6.274099218966044944e-03
7.943452706883402659e-03
1.028297823970501963e-02
1.152728595250701593e-02
9.955334969854900962e-03
6.574559026040630375e-03
5.692111134256871811e-03
7.502502147893008039e-03
8.312623497188947885e-03
1.064399981729332798e-02
9.079606486359002165e-03
7.081983675718140324e-03
9.228001136655228365e-03
9.199306157775729090e-03
7.699168713713309964e-03
5.962391869269916510e-03
5.729750962478327540e-03
6.577243759620224339e-03
6.859699768356129074e-03
6.647524037008694861e-03
6.692794902357071182e-03
6.768667777370425756e-03
6.933066040019427757e-03
6.592531490674904786e-03
6.971247721536101560e-03
7.817949895888220632e-03
6.419969227532445338e-03
4.535961458996538506e-03
5.658161839112765476e-03
6.578883235505590503e-03
8.335855228359076094e-03
9.748971089641848137e-03
1.117027632243499345e-02
1.160209985213958919e-02
1.351718697675374607e-02
1.262093584625487153e-02
9.197247349051805229e-03
7.334930735489159949e-03
7.489871616857522903e-03
8.390519063215287968e-03
8.160460218890368961e-03
6.245876074822997656e-03
8.095538180081728388e-03
9.826306762759856941e-03
1.404008319362307945e-02
1.652767512044236650e-02
1.705336240479927296e-02
1.355016651579146747e-02
1.189545292389881069e-02
9.891703486079589727e-03
8.197792650560026609e-03
8.562574374390990312e-03
9.487036945832007240e-03
8.686516838744455862e-03
1.245220360924675224e-02
1.879195432671220203e-02
1.989527845925971941e-02
1.923614645303637141e-02
1.350901940797032998e-02
1.272161734425241927e-02
1.229160534723452297e-02
1.177380860400459479e-02
1.077844343546960869e-02
1.010563293137663708e-02
9.710287601884562761e-03
1.020219426179982958e-02
9.356344943192226524e-03
9.530759192911460870e-03
9.027219115570762550e-03
8.877796160222613253e-03
7.345040253669780222e-03
7.110472085510780374e-03
1.048667841740439505e-02
1.722487465354083716e-02
2.870164685984857161e-02
3.136949935575572557e-02
1.818917045422211581e-02
1.113267181333436710e-02
9.066679163381177742e-03
6.450746766586515010e-03
8.592975098868959119e-03
7.930481894349293917e-03
6.780769017500424579e-03
6.511678509162536696e-03
7.734551374275627951e-03
9.329394835761572330e-03
1.088957425186769766e-02
1.258597036449816964e-02
1.362173187325257766e-02
1.409217767829858484e-02
9.566153676029821515e-03
8.163918107216838749e-03
7.718136401697067543e-03
1.569250613270990052e-02
2.022836823723187655e-02
1.190576121083231423e-02
1.391844500083524831e-02
2.190425704269594737e-02
1.914948786461520558e-02
1.540874918466152675e-02
1.285412235073678765e-02
1.237388934828747775e-02
1.150264372138962848e-02
1.061239600821941784e-02
1.072305835468492785e-02
9.774704309352929069e-03
9.580410701841743717e-03
1.161325411061206285e-02
1.279477006568507241e-02
1.096039622226542033e-02
7.335907832914103158e-03
6.432199707334724202e-03
7.488646535136310976e-03
8.479926612815602560e-03
5.849639026871950205e-03
4.483331290293140342e-03
5.332806077278156795e-03
6.161020809889771258e-03
7.749471406704384543e-03
8.932593567599655601e-03
9.333463958457291140e-03
9.324653234179133138e-03
1.000254087949658220e-02
1.025836191150690177e-02
1.082136298610499904e-02
9.273637981792291068e-03
6.425516477590089912e-03
5.350518682009109198e-03
8.468142604162167894e-03
1.198381795340142282e-02
1.293242171217392177e-02
1.110904363663583680e-02
9.998227742567268247e-03
1.077023488082128749e-02
1.145232747633249427e-02
1.091605863850772518e-02
9.858046023010876707e-03
1.130968591239665463e-02
1.200069990475287514e-02
1.289891833558050142e-02
1.456619731624398187e-02
1.164631334729408947e-02
6.272682625712445309e-03
6.494071022171117938e-03
6.912621416797259770e-03
6.834876069445099990e-03
8.287931378735529167e-03
8.011597022495235351e-03
7.215452071272718433e-03
5.150200910503867358e-03
4.073542871327551218e-03
6.629836827069571746e-03
8.294589717628362766e-03
7.280079041885299980e-03
8.368423988236764824e-03
8.294933719922112370e-03
7.593535914754544897e-03
7.050565432331871649e-03
6.780772670365289335e-03
7.124462691099194174e-03
7.351561099674327332e-03
7.701211063390236977e-03
8.755392849095811753e-03
9.457039914492173377e-03
9.553703097615696971e-03
1.014216985830874995e-02
1.005152607372682486e-02
1.182955223617061444e-02
1.234149635941660973e-02
1.022394436088687117e-02
9.357252022840580052e-03
1.130225033967063517e-02
1.142335886070180821e-02
7.786349004857728504e-03
7.148545326171384245e-03
7.275927420748057664e-03
6.421023701745651700e-03
6.848866024319968243e-03
8.984428092553762429e-03
8.196792332637523049e-03
1.075621131866566493e-02
1.203579471979959389e-02
1.216056094606182345e-02
9.461909128213298603e-03
7.579932703358595487e-03
8.535971822146881660e-03
9.113455133729651825e-03
1.060966362347369116e-02
1.089283334355576477e-02
9.728385176503262510e-03
1.159077698299486141e-02
1.017058186296621383e-02
8.041156367631630691e-03
8.428424847774885348e-03
1.012001488705072463e-02
1.205873843844573225e-02
1.414101053765771422e-02
1.251990336871424726e-02
9.508651567812519134e-03
8.330078091978726160e-03
7.570742507412237324e-03
6.978663729958482081e-03
8.131628035286483924e-03
7.318217195656988132e-03
5.034539383905800580e-03
6.709397833991353165e-03
7.869299657538566736e-03
7.784561056655414472e-03
7.151553984243830264e-03
6.129893134780181781e-03
6.876384012617733389e-03
8.489274327194838710e-03
7.531017891405169390e-03
6.451588854976304452e-03
7.140225285694110774e-03
6.865810358271677051e-03
5.437989368845050700e-03
4.463578679559673454e-03
4.502817200791877153e-03
5.750999630366375112e-03
6.416898043162731942e-03
7.676019972241428062e-03
8.293766656308999494e-03
8.743224381828600816e-03
1.148458578197752468e-02
1.296638693347423182e-02
1.344512911423950512e-02
1.453505792544878238e-02
1.454894075208104653e-02
1.385287548888355057e-02
1.212352676540852034e-02
1.078053174752356853e-02
8.236452977125056224e-03
6.782377914293357193e-03
5.838004885956762750e-03
6.857487357627397098e-03
7.823959801127926272e-03
7.934945080229193620e-03
7.619118716865534192e-03
6.920331145655137309e-03
5.328531460420454433e-03
7.215979950066121230e-03
8.816287243611871036e-03
8.300455139264991886e-03
7.912066902140310956e-03
8.105606207647626099e-03
8.367250895963828858e-03
8.820105493345982081e-03
1.029647391538668008e-02
1.012981570755572096e-02
8.120093934028734667e-03
9.945648721581443544e-03
1.090617001950667207e-02
9.861780595335552235e-03
1.020876751967137244e-02
1.166260028462904122e-02
9.672898328302967363e-03
7.934472055960338499e-03
7.882012467958512958e-03
8.259315925565745287e-03
8.653414076959659029e-03
8.862566982037266283e-03
8.911502074803505369e-03
8.702150007913024912e-03
8.640664799283621217e-03
8.653327511072986603e-03
8.619406203526341209e-03
8.571189956432759272e-03
8.556137824845419515e-03
8.679837976970708469e-03
8.883464600314411666e-03
9.079085534980092104e-03
9.252228083598256284e-03
9.349490748345104865e-03
9.315428914418801692e-03
9.359466817243372247e-03
9.457619264525572028e-03
9.451426710918314419e-03
9.267533045467674438e-03
8.947125233558322205e-03
8.574230830098245743e-03
8.145157294329578163e-03
7.648951837130184804e-03
6.941532935855183536e-03
6.062745948903210808e-03
5.106029949878783912e-03
4.352006685368269359e-03
4.624226291292303156e-03
5.481489957335889361e-03
6.719659895480427012e-03
7.973384715535596079e-03
8.917856755229830110e-03
9.429432959052175961e-03
9.453953515910504604e-03
9.028040652469116259e-03
8.285371900193268593e-03
7.390891467116662318e-03
6.560396392513981843e-03
5.962483043917649224e-03
5.384997387467145916e-03
4.950326589592572366e-03
4.748104319556168372e-03
4.820786081566204827e-03
5.136225308683023925e-03
5.563298073097783410e-03
5.924173468991954239e-03
6.097190958254641163e-03
6.083869656452385935e-03
5.931156928197489284e-03
5.779153525693727679e-03
5.515260187606219749e-03
5.094441395294378727e-03
4.563610353207887479e-03
3.975889082668675537e-03
3.323924196038523758e-03
2.608967500385946450e-03
1.936167245829130195e-03
1.702281023853946963e-03
1.999815078396968444e-03
2.404016097624819392e-03
3.136729046822173735e-03
4.100027445424198405e-03
4.990388747607912324e-03
5.741457558805430905e-03
6.229501548134715704e-03
6.400993560575132107e-03
6.274227483195124813e-03
5.907766684501973391e-03
5.370388196476241771e-03
4.665279751231491551e-03
3.833242275530419386e-03
3.023738278503633990e-03
2.806766126435654516e-03
2.967977297276130910e-03
3.250549325208061582e-03
3.396797473935785593e-03
3.338772851620880420e-03
3.195619018138376455e-03
3.037804585062833969e-03
2.854354027424667924e-03
2.805267365929775374e-03
3.000567968426876009e-03
3.405636566427918538e-03
4.153034769747144389e-03
4.767025604147733832e-03
5.260786758926196995e-03
5.519619181512666790e-03
5.536565633590778170e-03
5.299355917545834835e-03
4.853000360199692664e-03
4.368526931188519702e-03
3.925299145842302793e-03
3.599627499839695016e-03
3.518919258722471091e-03
3.706931973761599247e-03
4.059961296419155666e-03
4.412441091233141287e-03
4.739508396808184316e-03
4.951742727555408577e-03
4.910339636036122751e-03
4.528501745528597938e-03
3.908180413038610940e-03
3.351509009983372981e-03
2.984733026693148390e-03
2.740818631741950753e-03
2.657233350449453909e-03
2.631296342629535837e-03
2.566951120836782462e-03
2.431460279064769862e-03
2.253300598301370434e-03
2.073371805267592693e-03
1.890979743658694400e-03
1.644084094592692920e-03
1.311649780765328276e-03
9.338913288504285034e-04
5.702420664541774402e-04
3.384699301288155359e-04
4.256350447051441546e-04
5.629417288413139783e-04
6.411938353068513284e-04
6.388932210504850691e-04
5.660512426993917576e-04
4.818260731340626396e-04
3.756451143767217159e-04
2.841329048200608729e-04
2.244106494275516673e-04
1.658550469735855203e-04
1.301959319415418913e-04
1.161324588432047564e-04
9.460944550996274426e-05
8.788016388260901351e-05
9.277375432269023559e-05
7.403946512516199193e-05
8.449897667216159217e-05
8.693995770620585942e-05
8.453868939702115508e-05
1.061932996398096867e-04
9.590408929207871753e-05
9.588900123033201493e-05
9.918730286515768744e-05
8.602877556964273894e-05
7.449765206745495138e-05
8.234291804381103420e-05
9.275354432980187922e-05
8.182527673513556327e-05
8.987563822467376927e-05
8.461391958082061405e-05
6.940987101827662809e-05
8.602268878031640333e-05
8.908768393141357428e-05
7.337624822893169623e-05
8.882200906599786868e-05
8.858656530013292549e-05
8.823531736707836191e-05
8.791118811973065500e-05
8.565033189577978857e-05
8.801888995620745252e-05
8.594153655899425259e-05
8.871460772964758943e-05
7.308267979608533849e-05
8.307531666454729942e-05
7.936301709876904806e-05
7.910460504076963564e-05
8.749091220746758023e-05
8.159063933675073273e-05
8.147157892055692584e-05
9.846305102948189165e-05
9.366035966748590617e-05
9.201400398053735251e-05
9.384503296308356363e-05
9.401200906722804117e-05
9.051552597751225994e-05
8.296333766925121473e-05
8.809669510833431389e-05
8.372731344356964937e-05
9.349341395293746032e-05
9.435924861707196639e-05
9.455449992887248595e-05
9.572179286701420413e-05
9.533800538157299583e-05
1.001812624998410999e-04
9.786142626652384558e-05
9.562827640406970327e-05
8.632031839768609222e-05
8.601639906053832826e-05
8.802930724156313082e-05
8.788469642800868719e-05
7.416671246537523800e-05
8.121923124507142737e-05
8.385827753715963172e-05
7.865475334402116702e-05
7.639895131854344075e-05
8.583341264918011493e-05
7.755607927874748093e-05
7.522938720645680618e-05
8.976606760191621929e-05
9.170308381265131724e-05
7.956954584486970728e-05
7.399190796893223489e-05
7.944399718412894921e-05
8.104693954591893974e-05
8.818784205287014089e-05
8.558353167197621731e-05
8.165214355767568574e-05
8.523434524674540827e-05
7.713812484329477903e-05
8.327230518334225937e-05
8.146174947423387956e-05
7.876023282120858584e-05
9.252618286628225817e-05
9.490799437372697263e-05
9.569495105732640761e-05
1.008840793604323205e-04
8.768248960908602658e-05
8.098664656504304200e-05
9.183290660447433870e-05
8.672678259580571464e-05
8.521375024992461692e-05
8.350917855029789502e-05
7.858660875081156902e-05
8.324271549490601244e-05
9.291345894018070899e-05
1.025245807507799953e-04
9.723184303029303965e-05
8.151128717550699303e-05
7.564535098359102545e-05
8.349291862321501861e-05
1.049762689486827884e-04
9.758168357805397026e-05
9.699142503602310793e-05
8.793773369589431767e-05
7.643081494422292903e-05
7.402199963973484138e-05
7.784472530456270235e-05
8.275557677637937308e-05
8.409785742346208293e-05
8.296992471462889612e-05
9.101584982176686681e-05
8.861869654714271596e-05
8.386459765815382434e-05
8.396979232212088533e-05
7.966975576555418263e-05
8.078575477405927239e-05
8.132561930670452281e-05
9.205459221956357357e-05
8.936859465688359199e-05
7.742776089164969775e-05
7.945282154746525452e-05
8.676591647103095546e-05
9.253354685298862238e-05
9.615018306065846194e-05
7.791863778229828237e-05
7.800983545363027248e-05
8.647614057311346939e-05
9.070301519531107602e-05
7.687324517147251391e-05
7.966273825239438098e-05
8.357602479333994859e-05
9.591283241670766550e-05
1.030549575415785457e-04
9.390925846507875135e-05
8.611084008054598082e-05
8.023851431046617700e-05
6.835767171534191445e-05
6.905899732145875025e-05
8.032994941648918894e-05
8.813858069711994901e-05
8.982813393052774113e-05
7.791535980403331693e-05
8.350813687247526853e-05
7.754579493153905512e-05
7.841771944162644970e-05
7.619972591470025114e-05
6.535483517216055329e-05
7.717282108325418898e-05
9.708778644089405664e-05
1.047624412525693927e-04
